Table 1 . TEST (Coefficient)
-----------------------------------
         1         2         3
-----------------------------------
  2 |  0.7409   
  3 |  0.2626    0.4610   
  4 |  0.1002    0.1256    0.8003   
-----------------------------------

Table 1 . TEST (PCA)
---------------------------------------------
         1         2         3         4
---------------------------------------------
  1 |  0.688282  0.622292  0.363503 -0.082977 
  2 |  0.781249  0.524060 -0.303894  0.150531 
  3 |  0.853365 -0.440919 -0.185915 -0.206867 
  4 |  0.672339 -0.686364  0.216970  0.172595 
---------------------------------------------
E.V.|  2.264354  1.327391  0.306127  0.102128 
---------------------------------------------
V(%)|  0.566089  0.331848  0.076532  0.025532 
---------------------------------------------
Sum.|  0.566089  0.897936  0.974468  1.000000 
---------------------------------------------

Table 2 . TEST #2. (Coefficient)
---------------------------------------------------------------------------
         1         2         3         4         5         6         7
---------------------------------------------------------------------------
  2 |  0.6335   
  3 |  0.6578    0.6614   
  4 |  0.7455    0.3238    0.3880   
  5 |  0.9617    0.5370    0.5767    0.8245   
  6 |  0.6294    0.8302    0.7828    0.3924    0.5759   
  7 |  0.0895    0.5556    0.5084   -0.1213    0.0287    0.4549   
  8 |  0.2836    0.4597    0.3101    0.0536    0.2085    0.5480    0.3810   
---------------------------------------------------------------------------

Table 2 . TEST #2. (PCA)
---------------------------------------------------------------------------
         1         2         3         4         5         6         7
---------------------------------------------------------------------------
  1 |  0.882516 -0.386689  0.031514  0.012967 -0.016373 -0.249508  0.007499 
  2 |  0.844459  0.299386 -0.067984 -0.117541 -0.400851 -0.009444  0.131909 
  3 |  0.834686  0.168170 -0.313773 -0.153944  0.372302 -0.021236  0.115282 
  4 |  0.644137 -0.647211  0.020639  0.247455  0.005852  0.314609  0.073574 
  5 |  0.835800 -0.495027  0.027407  0.096809 -0.013577 -0.154691 -0.124165 
  6 |  0.884771  0.252553  0.040527 -0.276848 -0.008070  0.210343 -0.173693 
  7 |  0.429452  0.745271 -0.311014  0.398497 -0.010742 -0.009821 -0.064907 
  8 |  0.498741  0.471584  0.707798  0.099880  0.123369 -0.018756  0.047529 
---------------------------------------------------------------------------
E.V.|  4.518113  1.772978  0.704596  0.353710  0.315177  0.230395  0.088217 
---------------------------------------------------------------------------
V(%)|  0.564764  0.221622  0.088074  0.044214  0.039397  0.028799  0.011027 
---------------------------------------------------------------------------
Sum.|  0.564764  0.786386  0.874461  0.918675  0.958072  0.986871  0.997898 
---------------------------------------------------------------------------
Table 2 . TEST #2. (PCA)
---------------
         8
---------------
  1 | -0.088869 
  2 |  0.025460 
  3 |  0.022730 
  4 | -0.010934 
  5 |  0.082051 
  6 | -0.025114 
  7 | -0.013677 
  8 |  0.009049 
---------------
E.V.|  0.016814 
---------------
V(%)|  0.002102 
---------------
Sum.|  1.000000 
---------------

