2
TEST #1.
10,22
2.086,2.845
113 ,  113,   113 ,  173  , 123 ,  113 ,  116 ,  123 ,  123   ,113
1.3 ,  1.6,   1.6 ,  163  , 1.3 ,  1.6 ,  1.3 ,  1.3 ,  1.3   ,1.6
153 ,  223,   223 ,  153  , 153 ,  223 ,  133 ,  133 ,  133   ,126
1.3 ,  1.6,   1.6 ,  1.3  , 1.3 ,  1.6 ,  1.3 ,  1.3 ,  1.3   ,1.6
123 ,  113,   113 ,  123  , 123 ,  1.3 ,  1.6 ,  1.6 ,  1.3   ,1.3
1.6 ,  163,   1.3 ,  1.3  , 1.6 ,  113 ,  116 ,  123 ,  123   ,123
1.3 ,  1.6,   166 ,  1.3  , 1.3 ,  1.6 ,  183 ,  1.3 ,  1.3   ,1.6
25  ,  123,   123 ,  25   , 25  ,  123 ,  113 ,  113 ,  163   ,116
1.3 ,  1.6,   1.6 ,  1.3  , 1.3 ,  1.6 ,  1.3 ,  1.3 ,  1.3   ,1.6
123 ,  1.3,   1.3 ,  176  , 186 ,  1.6 ,  1.6 ,  1.6 ,  113   ,113
1.3 ,  1.3,   1.3 ,  1.6  , 1.6 ,  1.6 ,  116 ,  134 ,  123   ,183
123 ,  113,   113 ,  123  , 123 ,  113 ,  1.6 ,  1.6 ,  113   ,113
1.3 ,  1.6,   1.3 ,  1.3  , 1.3 ,  1.6 ,  1.3 ,  186 ,  1.6   ,1.3
153 ,  223,   223 ,  153  , 183 ,  283 ,  133 ,  133 ,  133   ,126
1.3 ,  1.6,   1.6 ,  1.3  , 1.3 ,  1.6 ,  1.3 ,  1.3 ,  1.3   ,1.6
123 ,  113,   113 ,  123  , 123 ,  113 ,  116 ,  123 ,  123   ,123
1.3 ,  1.6,   1.6 ,  1.3  , 1.3 ,  1.6 ,  1.3 ,  1.3 ,  1.3   ,1.6
1.3 ,  1.6,   1.6 ,  153  , 1.3 ,  1.6 ,  1.3 ,  1.3 ,  1.3   ,176
123 ,  113,   25  ,  123  , 123 ,  25  ,  25  ,  113 ,  113   ,116
123 ,  113,   25  ,  123  , 123 ,  25  ,  25  ,  113 ,  113   ,116
1.3 ,  1.6,   1.6 ,  163  ,  63 ,  1.6 ,  1.3 ,  1.3 ,  1.3   ,1.6
1.3 ,  153,   1.3 ,  1.6  , 1.6 ,  1.6 ,  196 ,  1.6 ,  113   ,113
TEST #2.
8 ,20
2.086,2.845
113 ,  113,   113 ,  173  , 123 ,  113 ,  116 ,  123
1.3 ,  1.6,   1.6 ,  163  , 1.3 ,  1.6 ,  1.3 ,  1.3
153 ,  223,   223 ,  153  , 153 ,  223 ,  133 ,  133
1.3 ,  1.6,   1.6 ,  1.3  , 1.3 ,  1.6 ,  1.3 ,  1.3
123 ,  113,   113 ,  123  , 123 ,  1.3 ,  1.6 ,  1.6
1.6 ,  163,   1.3 ,  1.3  , 1.6 ,  113 ,  116 ,  123
1.3 ,  1.6,   166 ,  1.3  , 1.3 ,  1.6 ,  183 ,  1.3
25  ,  123,   123 ,  25   , 25  ,  123 ,  113 ,  113
1.3 ,  1.6,   1.6 ,  1.3  , 1.3 ,  1.6 ,  1.3 ,  1.3
123 ,  1.3,   1.3 ,  176  , 186 ,  1.6 ,  1.6 ,  1.6
1.3 ,  1.3,   1.3 ,  1.6  , 1.6 ,  1.6 ,  116 ,  134
123 ,  113,   113 ,  123  , 123 ,  113 ,  1.6 ,  1.6
1.3 ,  1.6,   1.3 ,  1.3  , 1.3 ,  1.6 ,  1.3 ,  186
153 ,  223,   223 ,  153  , 183 ,  283 ,  133 ,  133
1.3 ,  1.6,   1.6 ,  1.3  , 1.3 ,  1.6 ,  1.3 ,  1.3
123 ,  113,   113 ,  123  , 123 ,  113 ,  116 ,  123
1.3 ,  1.6,   1.6 ,  1.3  , 1.3 ,  1.6 ,  1.3 ,  1.3
123 ,  113,   25  ,  123  , 123 ,  25  ,  25  ,  113
1.3 ,  1.6,   1.6 ,  163  ,  63 ,  1.6 ,  1.3 ,  1.3
1.3 ,  153,   1.3 ,  1.6  , 1.6 ,  1.6 ,  196 ,  1.6
