1
74 年 1 期  2×8   A. 不除草
10,13,10,0,495
P1A
      5.14,          3,      18.03,        123,         38,       4.43,       4.43, 36.0162601, 0.76397515, 53.6666666
      8.26,          3,       17.9,        212,         13,       7.84,       7.84, 36.9811320, 0.94222222,         75
      5.46,          4,      13.55,        137,         47,       4.91,       4.91, 35.8394160, 0.74456521,         46
      5.51,          3,      16.53,        133,         41,       5.13,       5.13, 38.5714285, 0.76436781,         58
      5.92,          3,       15.7,        129,         39,       5.28,       5.28, 40.9302325, 0.76785714,         56
      3.32,          1,       16.1,         75,         12,       3.16,       3.16, 42.1333333, 0.86206896,         87
      2.41,          1,      13.35,         56,         16,       2.26,       2.26, 40.3571428, 0.77777777,         72
      4.74,          2,      15.75,        106,         27,       4.27,       4.27, 40.2830188, 0.79699248,       66.5
      2.78,          2,       16.3,         71,         42,       2.52,       2.52, 35.4929577, 0.62831858,       56.5
      6.41,          3,      14.63,        142,         15,       6.33,       6.33, 44.5774647, 0.90445859, 52.3333333
      5.71,          2,      17.25,        121,         17,        5.3,        5.3, 43.8016528, 0.87681159,         69
      5.19,          3,       14.3,        131,         19,       4.81,       4.81, 36.7175572, 0.87333333,         50
      6.32,          2,      17.05,        151,         11,       6.11,       6.11, 40.4635761, 0.93209876,         81
P2A
      6.12,          3,      16.17,        269,         32,       5.67,       5.67, 21.0780669, 0.89368770, 100.333333
      5.47,          3,      15.53,        230,         38,        5.1,        5.1, 22.1739130, 0.85820895, 89.3333333
       5.8,          3,       18.7,        290,         31,       5.24,       5.24, 18.0689655, 0.90342679,        107
      4.99,          2,       16.4,        133,         30,       2.66,       2.66,         20, 0.81595092,       81.5
      6.02,          3,      17.63,        249,         56,        5.3,        5.3, 21.2851405, 0.81639344, 101.666666
      4.85,          3,      17.23,        269,         30,       4.36,       4.36, 16.2081784, 0.89966555, 99.6666666
      7.17,          4,       16.5,        290,         60,       6.57,       6.57, 22.6551724, 0.82857142,       87.5
       6.8,          2,      14.27,        135,         32,       2.49,       2.49, 18.4444444, 0.80838323,       83.5
      7.16,          2,       14.3,        157,         31,       2.88,       2.88, 18.3439490, 0.83510638,         94
      6.99,          3,      18.63,        271,         31,       6.48,       6.48, 23.9114391, 0.89735099, 100.666666

  7.29,     4, 16.05,   305,    23,  6.61,  6.61,21.672131,0.9298780,       82
 10.03,     5,  18.1,   341,    54,  9.43,  9.43,27.653958,0.8632911,       79
 11.75,     5, 18.22,   479,    47, 11.03, 11.03,23.027139,0.9106463,    105.2
 11.12,     6, 18.32,   340,   146,  9.93,  9.93,29.205882,0.6995884,     97.2
  4.96,     3, 16.13,   179,    34,  4.55,  4.55,25.418994,0.8403755,       71
  3.84,     3, 14.73,   132,    17,   3.6,   3.6,27.272727,0.8859060,49.666666
  3.58,     2, 15.75,   118,     4,  3.44,  3.44,29.152542,0.9672131,       61
  6.37,     3, 14.93,   218,     7,  5.85,  5.85,26.834862,0.9688888,       75
  3.49,     2,  15.4,   113,    32,  3.17,  3.17,28.053097,0.7793103,     72.5
  1.53,     1,  15.7,    58,     3,  1.47,  1.47,25.344827,0.9508196,       61
  9.96,     4, 17.45,   366,     4,  9.45,  9.45,25.819672,0.9891891,     92.5
  3.58,     2,  12.5,    98,    10,  3.42,  3.42,34.897959,0.9074074,       54
  5.07,     4, 12.65,   114,   102,  3.43,  3.43,30.087719,0.5277777,       54
  7.53,     3, 19.03,   196,    55,  6.51,  6.51,33.214285,0.7808764,83.666666
  9.23,     4,  18.3,   316,    29,  8.74,  8.74,27.658227,0.9159420,    86.25
  4.82,     3,  14.5,   168,    66,  4.37,  4.37,26.011904,0.7179487,       78
  5.79,     3, 17.27,   196,   107,  5.16,  5.16,26.326530,0.6468646,      101
  2.03,     2,  13.4,    73,     5,  1.95,  1.95,26.712328,0.9358974,       39
  4.99,     3, 12.77,   193,    27,  4.61,  4.61,23.886010,0.8772727,73.333333
 11.45,     6, 16.26,   343,   100,  10.2, 10.86,29.737609,0.7742663,     88.6
  5.28,     3, 17.77,   212,    22,  4.93,  4.93,23.254716,0.9059829,       78
  4.94,     3,  18.3,   208,    30,  4.53,  4.53,21.778846,0.8739495,79.333333
 10.04,     5, 19.88,   375,   141,  8.87,  8.87,23.653333,0.7267441,    103.2
 14.59,     6, 19.32,   463,   111,  10.3, 14.48,22.246220,0.8066202,    114.8
 13.92,     6, 17.76,   332,    39, 11.58, 13.25,34.879518,0.8948787,     74.2
 11.83,     6,  15.1,   312,    94,   9.2, 11.66,29.487179,0.7684729,     81.2
  5.76,     4,  15.5,   167,    75,  5.04,  5.04,30.179640,0.6900826,     60.5
  5.62,     4,  16.4,   192,    20,  5.19,  5.19, 27.03125,0.9056603,       53
  6.17,     4, 19.43,   162,    83,  5.68,  5.68,35.061728,0.6612244,    61.25
   6.4,     4,  19.5,   307,   196,  4.94,  4.94,16.091205,0.6103379,   125.75
 14.58,     7,  13.2,   328,    74,  9.68, 10.41,29.512195,0.8159203,     80.4
  6.56,     4,  14.4,   223,    30,  6.13,  6.13,27.488789,0.8814229,    63.25
  9.45,     4, 11.56,   297,    85,  8.33,  8.33,28.047138,0.7774869,     95.5
 12.43,     5, 17.26,   429,   159, 11.01, 11.01,25.664335,0.7295918,    117.6
  9.15,     4, 16.25,   316,    48,  8.58,  8.58,27.151898,0.8681318,       91
  7.81,     3, 15.16,   253,    30,  7.24,  7.24,28.616600,0.8939929,94.333333
   4.5,     3, 15.17,   137,    20,  4.18,  4.18,30.510948,0.8726114,52.333333
     8,     4, 15.97,   235,    15,  7.64,  7.64,32.510638,     0.94,     62.5
  9.03,     4, 16.32,   300,    39,  8.44,  8.44,28.133333,0.8849557,    84.75
  4.78,     4, 14.08,   165,    47,  4.25,  4.25,25.757575,0.7783018,       53
   6.6,     2, 18.45,   193,    20,  6.24,  6.24,32.331606,0.9061032,    106.5
 13.45,     7, 19.48,   337,    65, 11.59, 13.13,34.391691,0.8383084,     80.4
 21.16,     8, 17.64,   498,   137,  14.3, 16.21,28.714859,0.7842519,      127
 18.26,     8, 18.66,   407,   110, 11.78, 13.24,28.943488,0.7872340,    103.4
  7.95,     3, 19.53,   227,    22,  7.26,  7.26,31.982378,0.9116465,       83
 10.39,     6, 16.42,   264,    96,  8.42,  9.58,31.893939,0.7333333,       72
 15.44,     4, 23.05,   564,    14,  14.7,  14.7,26.063829,0.9757785,    144.5
 15.92,     9, 19.58,   479,    54, 12.75, 13.97,26.617954,0.8986866,    106.6
 10.26,     3, 19.23,   289,    29,  9.53,  9.53,32.975778,0.9088050,      106
  7.99,     4, 16.77,   282,    31,  7.54,  7.54,26.737588,0.9009584,    78.25
  14.5,     4,  20.1,   429,    35, 13.49, 13.49,31.445221,0.9245689,      116
 13.44,     6, 19.04,   390,    75, 12.34, 13.01,31.641025,0.8387096,       93
  7.44,     5, 16.48,   224,    45,  6.72,  6.72,       30,0.8327137,     53.8
  7.19,     4, 20.97,   418,    10,  6.65,  6.65,15.909090,0.9766355,      107
  11.8,     3, 19.57,   319,    86, 10.17, 10.17,31.880877,0.7876543,      135
   2.8,     2,  14.8,    77,    19,  2.53,  2.53,32.857142,0.8020833,       48
   6.6,     3,  16.2,   210,     9,  6.21,  6.21,29.571428,0.9589041,       73
  5.23,     4,    15,   206,    56,  4.76,  4.76,23.106796,0.7862595,     65.5
   6.6,     4, 16.95,   249,    58,  5.95,  5.95,23.895582,0.8110749,    76.75
 12.68,     4, 17.58,   489,   116, 11.72, 11.72,23.967280,0.8082644,   151.25
  8.83,     4, 19.68,   283,    70,  8.17,  8.17,28.869257,0.8016997,    88.25
  7.77,     3, 17.13,   243,    40,  6.72,  6.72,27.654320,0.8586572,94.333333
 18.45,     6,  19.9,   485,    85, 16.54, 17.61,34.103092,0.8508771,      114
 13.52,     7, 20.64,   413,   123, 11.53, 11.98,27.917675,0.7705223,    107.2
  7.52,     3, 17.73,   215,    19,   7.2,   7.2,33.488372,0.9188034,       78
  3.23,     2, 18.15,   197,    41,  2.98,  2.98,15.126903,0.8277310,      119
  6.79,     4, 17.05,   214,    39,  6.29,  6.29,29.392523,0.8458498,    63.25
  1.72,     1,  18.2,    60,    15,  1.56,  1.56,       26,      0.8,       75
  9.94,     6, 17.68,   478,   115,  9.76,  9.76,20.418410,0.8060708,    118.6
  1.77,     1,    19,   101,    11,  1.55,  1.55,15.346534,0.9017857,      112
  5.14,     3, 15.37,   155,    19,  4.67,  4.67,30.129032,0.8908045,       58
  9.27,     4, 17.45,   281,    20,  8.77,  8.77,31.209964,0.9335548,    75.25
 11.77,     5, 17.92,   144,    19,  3.71,  3.71,25.763888,0.8834355,     32.6
  6.06,     5, 13.72,   210,    21,  5.66,  5.66,26.952380,0.9090909,     46.2
 10.54,     5, 18.62,   322,    83,  9.63,  9.63,29.906832,0.7950617,       81
  8.92,     3, 20.73,   271,    30,   8.3,   8.3,30.627306,0.9003322,100.33333
 11.44,     7,  17.9,   376,    87,  9.59, 10.46,25.505319,0.8120950,     92.6
 15.08,     3, 19.47,   311,   101,  8.64,  8.64,27.781350,0.7548543,137.33333
  9.16,     5, 19.94,   349,   112,  8.13,  8.13,23.295128,0.7570498,     92.2
  4.01,     3, 15.97,   125,    40,  3.59,  3.59,    28.72,0.7575757,       55
  6.59,     6, 18.16,   206,   183,  5.31,  5.31,25.776699,0.5295629,     77.8
  2.39,     2, 14.75,    79,     7,  2.26,  2.26,28.607594,0.9186046,       43
  2.38,     3, 17.43,    72,   120,   1.8,   1.8,       25,    0.375,       64
  7.66,     5, 17.04,   287,   100,  6.75,  6.75,23.519163,0.7416020,     77.4
 13.38,     8, 16.34,   275,    33,  8.02, 10.37,29.163636,0.8928571,     61.6
   7.7,     3, 18.23,   246,    48,  2.16,  2.16,8.7804878,0.8367346,       98
 10.94,     4,  19.1,   349,    31, 10.46, 10.46,29.971346,0.9184210,       95
  7.11,     4, 16.28,   241,    40,  6.75,  6.75,28.008298,0.8576512,    70.25
  9.64,     4,  18.6,   278,    63,  8.93,  8.93,32.122302,0.8152492,    85.25
  8.61,     6, 16.38,   341,    34,  7.21,  7.41,21.143695,0.9093333,       75
 12.83,     7, 17.06,   437,    61,  11.9, 12.83,27.231121,0.8775100,     99.6
  3.03,     3, 16.17,   107,   110,  2.39,  2.39,22.336448,0.4930875,72.333333
  9.95,     8,  19.8,   310,   148,  8.42,  9.53,27.161290,0.6768558,     91.6
  9.98,     7, 18.42,   551,    30,  9.23,  9.23,16.751361,0.9483648,    116.2
  9.69,     7, 16.64,   223,   103,  6.96,  7.18,31.210762,0.6840490,     65.2
  2.45,     2,  16.7,    64,    67,  2.14,  2.14,  33.4375,0.4885496,     65.5
  4.29,     3,  17.3,   102,    84,  3.63,  3.63,35.588235,0.5483870,       62
  8.22,     4,  16.6,   242,    43,  7.63,  7.63,31.528925,0.8491228,    71.25
  6.97,     4, 16.35,   231,    46,  6.45,  6.45,27.922077,0.8339350,    69.25
 10.89,     6, 17.66,   300,    92,  8.27,  9.56,27.566666,0.7653061,     78.4
  6.02,     3,  18.4,   191,    71,  5.28,  5.28,27.643979,0.7290076,87.333333
   8.2,     3,  17.3,   252,    87,  7.44,  7.44,29.523809,0.7433628,      113
  4.13,     2, 17.35,   133,    21,  3.74,  3.74,28.120300,0.8636363,       77
 12.75,     5, 17.16,   393,    27, 12.19, 12.19,31.017811,0.9357142,       84
  6.56,     3, 17.87,   216,    48,  6.03,  6.03,27.916666,0.8181818,       88
  4.94,     3, 18.43,   145,   101,  4.31,  4.31,29.724137,0.5894308,       82
  5.36,     3, 15.13,   171,    25,     5,     5,29.239766,0.8724489,65.333333
  9.39,     4,  17.1,   313,    63,  8.66,  8.66,27.667731,0.8324468,       94
   7.7,     5,  15.2,   293,    63,  7.07,  7.07,24.129692,0.8230337,     71.2
 11.84,     6, 18.12,   288,    74,  9.93, 10.88,34.479166,0.7955801,     72.4
   7.2,     3, 18.63,   259,    13,  6.91,  6.91,26.679536,0.9522058,90.666666
  3.82,     2, 16.85,   111,    29,  3.42,  3.42,30.810810,0.7928571,       70
  4.25,     4,  18.4,   162,   147,  3.29,  3.29,20.308641,0.5242718,    77.25
  10.8,     4,  19.9,   331,    98,  9.98,  9.98,30.151057,0.7715617,   107.25
 16.19,     6, 22.17,   714,    55, 15.78, 15.78,22.100840,0.9284785,    153.8
  7.75,     3, 19.23,   201,   111,  6.21,  6.21,30.895522,0.6442307,      104
  6.72,     3, 18.67,   207,    62,  6.08,  6.08,29.371980,0.7695167,89.666666
  8.79,     4, 16.45,   273,    39,   8.3,   8.3,30.402930,    0.875,       78
  1.51,     2,  13.4,    42,    45,  1.12,  1.12,26.666666,0.4827586,     43.5
  3.74,     2, 18.25,    96,   105,  3.21,  3.21,  33.4375,0.4776119,    100.5
  2.45,     2, 14.05,    62,    32,  2.11,  2.11,34.032258,0.6595744,       47
  6.75,     5, 16.34,   242,    47,  6.04,  6.04,24.958677,0.8373702,     57.8
  9.05,     4, 18.12,   309,    48,  8.48,  8.48,27.443365,0.8655462,    89.25
  3.71,     3, 17.17,   100,    38,  2.38,  2.38,     23.8,0.7246376,       46
 16.41,     5, 20.08,   538,    62, 15.37, 15.37,28.568773,0.8966666,      120
  9.88,     4, 17.65,   389,    72,  9.19,  9.19,23.624678,0.8438177,   115.25
  3.83,     3, 14.03,    99,    48,  3.48,  3.48,35.151515,0.6734693,       49
 12.74,     6, 17.08,   356,    93, 10.85, 11.71,30.477528,0.7928730,     89.8
  3.95,     4, 16.22,    92,   121,  2.84,  2.84,30.869565,0.4319248,    53.25
  7.63,     3, 17.73,   208,    39,  7.15,  7.15,   34.375,0.8421052,82.333333
  9.28,     5, 17.16,   277,    54,  8.56,  8.56,30.902527,0.8368580,     66.2
  4.52,     2,  16.8,   135,    19,  4.33,  4.33,32.074074,0.8766233,       77
  3.49,     2,  16.1,   110,    52,   3.1,   3.1,28.181818,0.6790123,       81
  3.48,     2,  18.9,   121,    68,   2.9,   2.9,23.966942,0.6402116,     94.5
 13.66,     5, 18.68,   432,    77, 12.73, 12.73,29.467592,0.8487229,    101.8
 12.51,     6, 19.84,   393,    49, 11.26, 11.94,28.651399,0.8891402,     88.4
  4.88,     2,  18.2,   138,     9,  3.94,  3.94,28.550724,0.9387755,     73.5
   5.5,     4,  19.1,   193,    97,     5,     5,25.906735,0.6655172,     72.5
  4.82,     2,  17.4,   127,    24,  4.47,  4.47,35.196850,0.8410596,     75.5
  6.68,     3,  18.2,   276,    45,  6.29,  6.29,22.789855,0.8598130,      107
  5.45,     3, 16.83,   205,    71,  5.01,  5.01,24.439024,0.7427536,       92
  5.98,     3, 16.13,   181,    18,  5.71,  5.71,31.546961,0.9095477,66.333333
  9.26,     5, 17.94,   306,    17,  8.85,  8.85,28.921568,0.9473684,     64.6
  3.59,     2,  16.6,   116,    27,  3.27,  3.27,28.189655,0.8111888,     71.5
 11.19,     4, 18.22,   335,    21, 10.73, 10.73,32.029850,0.9410112,       89
  9.18,     4, 17.85,   282,    39,  8.63,  8.63,30.602836,0.8785046,    80.25
  14.2,     7, 17.96,   368,    20,  9.98, 10.96,27.119565,0.9484536,     77.6
  2.97,     2, 15.45,   100,    15,  2.76,  2.76,     27.6,0.8695652,     57.5
  7.28,     3, 16.73,   217,    25,  6.78,  6.78,31.244239,0.8966942,80.666666
  3.14,     5, 14.32,   100,   179,  2.17,  2.17,     21.7,0.3584229,     55.8
 12.01,     7, 17.28,   326,    39, 11.44, 11.44,35.092024,0.8931506,       73
  3.43,     3, 17.07,   143,    48,  2.98,  2.98,20.839160,0.7486910,63.666666
  3.44,     2, 18.58,    96,    38,  2.71,  2.71,28.229166,0.7164179,       67
  2.42,     2, 14.65,    68,    50,  1.97,  1.97,28.970588,0.5762711,       59
  4.09,     2,  18.1,   136,    40,  3.64,  3.64,26.764705,0.7727272,       88
  4.87,     3,  15.4,   181,    36,   4.5,   4.5,24.861878,0.8341013,72.333333
  3.07,     2, 15.75,   104,    23,  2.76,  2.76,26.538461,0.8188976,     63.5
  9.04,     5, 16.28,   260,    99,  8.14,  8.14,31.307692,0.7242339,     71.8
  2.41,     3, 14.63,    52,    51,  1.89,  1.89,36.346153,0.5048543,34.333333
   5.4,     2, 19.55,   142,    79,  4.76,  4.76,33.521126,0.6425339,    110.5
  2.12,     1,  17.7,    76,    19,  1.91,  1.91,25.131578,      0.8,       95
  1.98,     1,  17.3,    66,     2,  1.87,  1.87,28.333333,0.9705882,       68
  0.76,     2,  12.8,    16,    93,  0.27,  0.27,   16.875,0.1467889,     54.5
  3.44,     4,  14.1,    87,   146,  2.84,  2.84,32.643678,0.3733905,    58.25
  9.36,     4, 18.42,   281,   111,  8.16,  8.16,29.039145,0.7168367,       98
  8.82,     4, 16.85,   229,    62,  8.21,  8.21,35.851528,0.7869415,    72.75
  7.47,     4, 14.75,   218,   161,  6.27,  6.27,28.761467,0.5751978,    94.75
  8.71,     5,  15.9,   304,    25,  8.09,  8.09,26.611842,0.9240121,     65.8
  6.18,     2, 19.45,   201,    30,  5.79,  5.79,28.805970,0.8701298,    115.5
  5.23,     3,  17.5,   133,   121,   4.1,   4.1,30.827067,0.5236220,84.666666
  4.11,     2, 16.85,   135,    54,  3.61,  3.61,26.740740,0.7142857,     94.5
  5.91,     3, 18.09,   161,    49,  5.23,  5.23,32.484472,0.7666666,       70
  8.51,     4, 18.15,   277,   103,  7.78,  7.78,28.086642,0.7289473,       95
  4.44,     3,  16.5,   119,    59,  3.37,  3.37,28.319327,0.6685393,59.333333
  4.07,     3,  15.8,   102,   116,  3.31,  3.31,32.450980,0.4678899,72.666666
   7.7,     4, 14.68,   271,    41,  7.26,  7.26,26.789667,0.8685897,       78
  2.64,     3,  14.9,   109,   101,  2.02,  2.02,18.532110,0.5190476,       70
  9.45,     5,  18.1,   317,   192,  8.18,  8.18,25.804416,0.6227897,    101.8
  6.89,     3,  18.1,   316,    18,  6.51,  6.51,20.601265,0.9461077,111.33333
  5.72,     3, 17.66,   192,    21,  5.24,  5.24,27.291666,0.9014084,       71
  9.31,     4, 21.68,   295,   162,  7.41,  7.41,25.118644,0.6455142,   114.25
  1.59,     1,  15.6,    60,    18,   1.5,   1.5,       25,0.7692307,       78
  6.29,     4, 16.98,   183,    61,   5.7,   5.7,31.147540,     0.75,       61
  8.59,     5, 16.74,   302,    44,  7.23,  7.23,23.940397,0.8728323,     69.2
  5.79,     2,  17.4,   198,    14,  5.28,  5.28,26.666666,0.9339622,      106
   2.8,     2,  15.6,    81,    18,  2.57,  2.57,31.728395,0.8181818,     49.5
  4.17,     2,  15.9,   132,    12,   3.9,   3.9,29.545454,0.9166666,       72
  7.24,     3, 20.17,   240,    66,  6.73,  6.73,28.041666,0.7843137,      102
  3.76,     3, 14.57,   109,    68,  3.14,  3.14,28.807339,0.6158192,       59
  7.32,     4, 18.87,   259,   200,  6.22,  6.22,24.015444,0.5642701,   114.75
   3.5,     2,  15.9,    97,    25,  3.26,  3.26,33.608247,0.7950819,       61
 14.42,     5,  20.3,   394,    80, 13.11, 13.11,33.274111,0.8312236,     94.8
   4.9,     8,  17.6,   184,   101,  3.44,  4.21,18.695652,0.6456140,       57
  5.93,     4, 15.95,   200,    44,  5.43,  5.43,    27.15,0.8196721,       61
  4.26,     3,  14.2,   128,     4,  4.05,  4.05,31.640625,0.9696969,       44
  3.55,     3, 12.57,   100,    41,  3.15,  3.15,     31.5,0.7092198,       47
  6.01,     3,  16.6,   205,    18,  5.73,  5.73,27.951219,0.9192825,74.333333
  9.03,     4, 19.07,   298,    89,  8.24,  8.24,27.651006,0.7700258,    96.75
  9.75,     4, 18.82,   324,   103,  8.78,  8.78,27.098765,0.7587822,   106.75
  4.49,     2,    17,   145,    29,  4.17,  4.17,28.758620,0.8333333,       87
  9.19,     4, 19.18,   277,   176,  7.79,  7.79,28.122743,0.6114790,   113.25
  8.41,     4, 19.25,   249,    67,  7.68,  7.68,30.843373,0.7879746,       79
  2.57,     2,  19.2,   173,    27,  2.26,  2.26,13.063583,    0.865,      100
  9.78,     4, 16.93,   237,    66,  7.02,  7.02,29.620253,0.7821782,    75.75
 10.13,     4, 18.98,   270,   116,  8.92,  8.92,33.037037,0.6994818,     96.5
   8.1,     3, 18.87,   271,    72,  6.89,  6.89,25.424354,0.7900874,114.33333
  6.53,     3, 16.07,   198,    30,   5.9,   5.9,29.797979,0.8684210,       76
 14.13,     5,    18,   468,   120, 12.11, 12.11,25.876068,0.7959183,    117.6
  5.98,     3,    19,   227,    52,   5.5,   5.5,24.229074,0.8136200,       93
  6.93,     5, 14.76,   208,    94,  6.05,  6.05,29.086538,0.6887417,     60.4
  5.73,     2, 18.85,   185,    24,  5.32,  5.32,28.756756,0.8851674,    104.5
  11.6,     4,  19.5,   371,    71, 10.78, 10.78,29.056603,0.8393665,    110.5
   3.6,     2, 15.25,   113,    13,  3.38,  3.38,29.911504,0.8968253,       63
  1.69,     2,    13,    48,    42,  1.34,  1.34,27.916666,0.5333333,       45
  7.43,     3, 16.43,   235,    70,  6.75,  6.75,28.723404,0.7704918,101.66666
  5.16,     4, 14.75,   139,    88,  4.38,  4.38,31.510791,0.6123348,    56.75
   4.5,     3, 16.63,   130,   105,  3.85,  3.85,29.615384,0.5531914,78.333333
  3.34,     2,  16.4,    96,    39,  2.92,  2.92,30.416666,0.7111111,     67.5
 10.21,     7, 18.12,   277,    56,  9.72,  9.72,35.090252,0.8318318,     66.6
  7.22,     6,  16.1,   280,    75,  6.84,  6.84,24.428571,0.7887323,       71
 16.23,     6, 18.92,   483,    75,  13.1, 13.68,27.122153,0.8655913,    111.6
   5.4,     3, 16.87,   149,    78,  4.67,  4.67,31.342281,0.6563876,75.666666
 10.57,     6, 17.92,   319,    67,  9.77, 10.53,30.626959,0.8264248,     77.2
  7.58,     5, 15.74,   274,    48,  7.04,  7.04,25.693430,0.8509316,     64.4
  7.06,     3,  19.6,   225,    51,  6.53,  6.53,29.022222,0.8152173,       92
  4.98,     3, 17.83,   152,    70,  4.03,  4.03,26.513157,0.6846846,       74
  3.81,     2,  16.6,   135,    34,  3.32,  3.32,24.592592,0.7988165,     84.5
  7.49,     3, 20.03,   247,    59,  6.58,  6.58,26.639676,0.8071895,      102
  4.83,     3,    18,   170,    76,   3.8,   3.8,22.352941,0.6910569,       82
  7.28,     5,  16.2,   264,    79,  6.16,  6.16,23.333333,0.7696793,     68.6
  5.61,     3, 17.53,   174,    83,  4.48,  4.48,25.747126,0.6770428,85.666666
  7.78,     3, 18.73,   214,    50,  7.04,  7.04,32.897196,0.8106060,       88
  1.94,     1,  15.8,    51,    11,  1.74,  1.74,34.117647,0.8225806,       62
  5.57,     5, 14.18,   152,    68,  4.87,  4.87,32.039473,0.6909090,       44
  4.36,     3,    14,    74,    20,  2.03,  2.03,27.432432,0.7872340,31.333333
  6.03,     4,  15.7,   204,    60,  5.35,  5.35,26.225490,0.7727272,       66
  4.66,     3, 14.43,   158,    32,  4.28,  4.28,27.088607,0.8315789,63.333333
  6.85,     4,  15.7,   197,    60,  6.08,  6.08,30.862944,0.7665369,    64.25
  7.47,     3, 17.93,   196,    71,  6.72,  6.72,34.285714,0.7340823,       89
  7.14,     4,  15.1,    92,    46,   2.4,   2.4,26.086956,0.6666666,     34.5
  7.35,     3, 19.67,   225,    41,  6.67,  6.67,29.644444,0.8458646,88.666666
 15.85,     8,  17.6,   375,    97, 10.29,  11.2,    27.44,0.7944915,     94.4
 10.64,     5, 19.06,   293,   110,  9.82,  9.82,33.515358,0.7270471,     80.6
 10.52,     4, 18.93,   322,    37, 10.06, 10.06,31.242236,0.8969359,    89.75
  8.19,     4, 16.88,   310,    58,  7.46,  7.46,24.064516,0.8423913,       92
  8.38,     5, 12.52,   260,    33,  7.87,  7.87,30.269230,0.8873720,     58.6
  1.43,     4, 13.35,    48,   119,  0.83,  0.83,17.291666,0.2874251,    41.75
  6.44,     3, 15.83,   205,    18,  6.16,  6.16,30.048780,0.9192825,74.333333
   4.5,     3, 16.47,   265,     9,  4.12,  4.12,15.547169,0.9671532,91.333333
  6.63,     3, 17.93,   208,    41,  6.18,  6.18,29.711538,0.8353413,       83
  1.74,     2,   8.4,    63,    37,   1.4,   1.4,22.222222,     0.63,       50
  7.53,     3,  19.5,   201,    76,  6.99,  6.99,34.776119,0.7256317,92.333333
  3.18,     2, 14.65,    97,    25,  2.94,  2.94,30.309278,0.7950819,       61
  3.35,     3, 14.73,   106,    63,   2.8,   2.8,26.415094,0.6272189,56.333333
  1.32,     1,  14.7,    38,    11,  1.19,  1.19,31.315789,0.7755102,       49
   2.8,     2, 12.35,    93,    11,  2.69,  2.69,28.924731,0.8942307,       52
  8.69,     4, 17.88,   228,    21,  8.28,  8.28,36.315789,0.9156626,    62.25
 13.19,     5, 16.66,   360,    41, 12.43, 12.43,34.527777,0.8977556,     80.2
  9.83,     3, 18.37,   223,    34,  7.02,  7.02,31.479820,0.8677042,85.666666
  8.83,     4, 15.88,   268,    18,  8.37,  8.37,31.231343,0.9370629,     71.5
 11.58,     5, 15.92,   369,    62,  10.8,  10.8,29.268292,0.8561484,     86.2
  3.09,     3, 13.99,    96,    16,  2.86,  2.86,29.791666,0.8571428,37.333333
  1.13,     1,  18.6,    41,    27,  0.95,  0.95,23.170731,0.6029411,       68
     8,     4, 17.02,   280,    76,  7.35,  7.35,    26.25,0.7865168,       89
 10.32,     4, 18.15,   326,    35,  9.73,  9.73,29.846625,0.9030470,    90.25
  4.11,     2,    17,   142,    22,   3.8,   3.8,26.760563,0.8658536,       82
  9.33,     4, 17.02,   287,    26,  8.86,  8.86,30.871080,0.9169329,    78.25
  4.38,     4, 13.17,   156,    25,   4.1,   4.1,26.282051,0.8618784,    45.25
 10.03,     4, 12.62,   369,    12,  9.47,  9.47,25.663956,0.9685039,    95.25
   8.1,     4, 16.58,   274,    15,  7.57,  7.57,27.627737,0.9480968,    72.25
  5.67,     3, 15.43,   183,    36,  5.29,  5.29,28.907103,0.8356164,       73
  3.83,     3,  14.3,   104,    46,   3.3,   3.3,31.730769,0.6933333,       50
  2.93,     2, 12.45,    97,    13,  2.78,  2.78,28.659793,0.8818181,       55
  8.54,     3, 20.66,   316,    70,  7.77,  7.77,24.588607,0.8186528,128.66666
  3.01,     2, 16.05,   135,    28,  2.75,  2.75,20.370370,0.8282208,     81.5
  3.42,     2, 14.35,   147,    21,  3.08,  3.08,20.952380,    0.875,       84
 13.36,     7,  20.4,   314,    85,  6.44,  6.65,20.509554,0.7869674,     79.8
 12.57,     4,  19.4,   371,    25, 11.99, 11.99,32.318059,0.9368686,       99
 12.92,     7, 16.98,   406,    32, 11.52, 12.43,28.374384,0.9269406,     87.6
 15.15,     5, 19.74,   604,    62, 14.03, 14.03,23.228476,0.9069069,    133.2
 11.12,     5, 15.62,   357,    32, 10.38, 10.38,29.075630,0.9177377,     77.8
  5.39,     6, 12.34,   189,   126,  4.27,  4.27,22.592592,      0.6,       63
  7.17,     6, 16.34,   309,   105,  5.84,  6.01,18.899676,0.7463768,     82.8
 20.04,     9, 16.78,   331,    67,  9.83, 10.76,29.697885,0.8316582,     79.6
  4.12,     4, 13.88,   119,   157,   3.2,   3.2,26.890756,0.4311594,       69
  4.88,     5, 15.34,   169,    74,  4.19,  4.19,24.792899,0.6954732,     48.6
  6.78,     3, 16.23,   201,     6,   6.5,   6.5,32.338308,0.9710144,       69
  5.92,     2, 17.45,   165,     9,  5.66,  5.66,34.303030,0.9482758,       87
  3.07,     2,  15.9,   155,    21,  2.75,  2.75,17.741935,0.8806818,       88
  6.55,     3, 17.97,   197,    34,     6,     6,30.456852,0.8528138,       77
  3.13,     2,  12.2,    88,    28,  2.75,  2.75,    31.25,0.7586206,       58
  1.47,     1,  14.3,    39,     4,   1.4,   1.4,35.897435,0.9069767,       43
  2.54,     2, 13.55,    91,    12,  2.41,  2.41,26.483516,0.8834951,     51.5
  2.34,     2, 12.75,    79,    11,  2.14,  2.14,27.088607,0.8777777,       45
  2.31,     1,    15,    82,     3,  2.02,  2.02,24.634146,0.9647058,       85
  5.25,     3, 14.93,   136,    21,  4.97,  4.97,36.544117,0.8662420,52.333333
 13.94,     8,  18.7,   385,    78, 11.58, 12.83,30.077922,0.8315334,     92.6
 13.48,     4, 19.55,   513,    54, 12.44, 12.44,24.249512,0.9047619,   141.75
  6.76,     3, 18.46,   185,    66,  6.11,  6.11,33.027027,0.7370517,83.666666
   9.2,     3,  19.1,   283,    47,  8.56,  8.56,30.247349,0.8575757,      110
  8.45,     4, 16.68,   330,    37,  8.08,  8.08,24.484848,0.8991825,    91.75
   9.8,     4, 17.28,   346,    41,  9.11,  9.11,26.329479,0.8940568,    96.75
  1.75,     3,  14.4,    50,    71,  1.16,  1.16,     23.2,0.4132231,40.333333
 11.08,     5, 16.76,   373,    57, 10.36, 10.36,27.774798,0.8674418,       86
  4.48,     3, 17.37,   132,   100,  3.79,  3.79,28.712121,0.5689655,77.333333
  3.27,     4, 15.78,   107,   151,  2.37,  2.37,22.149532,0.4147286,     64.5
   3.4,     2,  16.1,   110,    12,  3.09,  3.09,28.090909,0.9016393,       61
  7.82,     3,  20.1,   195,    28,  7.14,  7.14,36.615384,0.8744394,74.333333
  5.64,     3, 15.23,   163,    16,   5.2,   5.2,31.901840,0.9106145,59.666666
  3.46,     2,  14.9,    93,     9,  3.23,  3.23,34.731182,0.9117647,       51
  2.95,     2, 15.45,   104,     8,  2.67,  2.67,25.673076,0.9285714,       56
  4.09,     3, 13.17,   123,    21,   3.8,   3.8,30.894308,0.8541666,       48
  2.21,     2, 14.25,    66,    15,  2.02,  2.02,30.606060,0.8148148,     40.5
  4.08,     2,  16.4,   118,    14,  3.88,  3.88,32.881355,0.8939393,       66
  6.11,     2, 15.65,   222,    20,  4.53,  4.53,20.405405,0.9173553,      121
  1.88,     1,  16.8,    60,     5,  1.75,  1.75,29.166666,0.9230769,       65
  5.83,     3, 15.13,   188,     9,  5.62,  5.62,29.893617,0.9543147,65.666666
   6.7,     4, 15.65,   199,    27,  6.22,  6.22,31.256281,0.8805309,     56.5
  7.07,     3, 17.53,   235,     3,   6.6,   6.6,28.085106,0.9873949,79.333333
  2.47,     2, 16.25,    78,    41,  2.13,  2.13,27.307692,0.6554621,     59.5
  9.15,     3, 19.47,   360,    18,  8.66,  8.66,24.055555,0.9523809,      126
 20.14,     7, 19.72,   522,   115, 13.55, 15.26,25.957854,0.8194662,    127.4
 12.52,     7, 17.08,   409,   103, 11.98, 12.41,29.290953,0.7988281,    102.4
 11.26,     6, 17.92,   313,   115,  9.92,  9.92,31.693290,0.7313084,     85.6
  7.09,     3, 21.33,   235,    48,  6.43,  6.43,27.361702,0.8303886,94.333333
   4.6,     3,  16.8,   163,    30,  3.97,  3.97,24.355828,0.8445595,64.333333
  4.35,     3, 13.73,   119,    24,     4,     4,33.613445,0.8321678,47.666666
  2.18,     2, 16.65,    77,    33,  1.92,  1.92,24.935064,      0.7,       55
 14.95,     4, 18.22,   443,    26, 14.38, 14.38,32.460496,0.9445628,   117.25
  9.76,     5, 15.12,   348,    15,  9.18,  9.18,26.379310,0.9586776,     72.6
    11,     6, 16.86,   294,    45,  9.07,   9.6,30.850340,0.8672566,     67.8
  5.87,     3,  15.3,   200,    27,   5.6,   5.6,       28,0.8810572,75.666666
  3.58,     2, 14.35,    99,    11,  3.34,  3.34,33.737373,      0.9,       55
  3.79,     3,  12.1,   106,    14,  3.56,  3.56,33.584905,0.8833333,       40
  3.84,     2, 15.22,   136,     7,  3.54,  3.54,26.029411,0.9510489,     71.5
  4.27,     3,  15.4,   140,    16,     4,     4,28.571428,0.8974358,       52
  4.82,     3,  15.7,   141,    12,  4.28,  4.28,30.354609,0.9215686,       51
  2.48,     2,  12.7,    92,     4,  2.32,  2.32,25.217391,0.9583333,       48
 19.99,     7, 19.44,   425,    57, 14.76, 15.68,34.729411,0.8817427,     96.4
 22.46,     8,  18.8,   501,    23, 17.42, 18.24,34.770459,0.9561068,    104.8
 13.21,     6,  17.5,   394,    68, 10.69, 12.02,27.131979,0.8528138,     92.4
  7.53,     3, 18.47,   262,    28,  6.76,  6.76,25.801526,0.9034482,96.666666
  4.13,     3,  15.1,   158,    14,  3.86,  3.86,24.430379,0.9186046,57.333333
  2.47,     2, 13.95,    88,    25,  2.23,  2.23,25.340909,0.7787610,     56.5
  4.13,     3,  14.8,   143,    18,  3.83,  3.83,26.783216,0.8881987,53.666666
  2.22,     1,  18.6,    67,    42,  1.84,  1.84,27.462686,0.6146788,      109
  4.38,     2, 18.45,   147,    17,  3.92,  3.92,26.666666,0.8963414,       82
  6.08,     3,  16.5,   197,    31,  5.72,  5.72,29.035532,0.8640350,       76
  8.15,     3, 15.25,   247,    58,  7.49,  7.49,30.323886,0.8098360,101.66666
  9.52,     4,  18.4,   299,    62,  8.75,  8.75,29.264214,0.8282548,    90.25
  3.55,     2, 15.75,   122,    10,  3.35,  3.35,27.459016,0.9242424,       66
  2.06,     1,  16.8,    57,     9,  1.94,  1.94,34.035087,0.8636363,       66
  5.48,     3,  14.4,   156,     6,  5.26,  5.26,33.717948,0.9629629,       54
  0.86,     1,    11,    31,     6,  0.77,  0.77,24.838709,0.8378378,       37
 14.99,     6, 17.48,   388,    66, 13.58,  14.4,       35,0.8546255,     90.8
 12.57,     5, 21.26,   402,    51, 11.73, 11.73,29.179104,0.8874172,     90.6
  5.64,     4,  14.3,   189,    49,  5.15,  5.15,27.248677,0.7941176,     59.5
 11.77,     5, 17.22,   351,    98, 10.42, 10.42,29.686609,0.7817371,     89.8
  6.17,     3,  17.4,   180,    93,  5.47,  5.47,30.388888,0.6593406,       91
  14.6,     4, 20.45,   446,    70, 13.56, 13.56,30.403587,0.8643410,      129
  6.05,     3, 16.57,   173,    15,  5.71,  5.71,33.005780,0.9202127,62.666666
  7.47,     3, 18.93,   218,    44,  7.08,  7.08,32.477064,0.8320610,87.333333
 11.65,     4,  18.1,   346,    34, 11.08, 11.08,32.023121,0.9105263,       95
  5.14,     2,    20,   149,    21,  4.83,  4.83,32.416107,0.8764705,       85
  8.41,     3,  17.3,   279,    47,  7.86,  7.86,28.172043,0.8558282,108.66666
   7.2,     4, 16.23,   240,    15,   6.9,   6.9,    28.75,0.9411764,    63.75
  5.46,     4,  15.3,   175,    53,  4.98,  4.98,28.457142,0.7675438,       57
 11.53,     4, 18.98,   307,    78, 10.36, 10.36,33.745928,0.7974025,    96.25
  9.24,     3, 15.97,   298,    43,  8.78,  8.78,29.463087,0.8739002,113.66666
  5.88,     3, 17.77,   190,    65,  5.03,  5.03,26.473684,0.7450980,       85
  1.86,     1,    16,    65,    12,  1.71,  1.71,26.307692,0.8441558,       77
   6.5,     3, 19.53,   222,    23,  6.14,  6.14,27.657657,0.9061224,81.666666
  6.43,     3, 16.13,   216,    18,  6.09,  6.09,28.194444,0.9230769,       78
  2.01,     3, 11.77,    63,    30,  1.73,  1.73,27.460317,0.6774193,       31
  1.53,     1,  15.9,    49,    16,  1.42,  1.42,28.979591,0.7538461,       65
  9.08,     4, 14.92,   279,    27,  8.63,  8.63,30.931899,0.9117647,     76.5
  4.04,     3, 15.03,   115,    56,  3.49,  3.49,30.347826,0.6725146,       57
   5.2,     3, 15.27,   150,    14,   4.9,   4.9,32.666666,0.9146341,54.666666
  6.91,     3, 18.93,   198,   123,  5.77,  5.77,29.141414,0.6168224,      107
  4.06,     2, 13.63,   115,    41,  3.64,  3.64,31.652173,0.7371794,       78
 13.41,     5, 17.72,   403,   102, 12.21, 12.21,30.297766,0.7980198,      101
 10.47,     3,  20.3,   341,    50,  9.66,  9.66,28.328445,0.8721227,130.33333
  2.09,     1,  16.7,    61,     5,  1.98,  1.98,32.459016,0.9242424,       66
  2.51,     1,  18.4,    71,     9,  2.02,  2.02,28.450704,   0.8875,       80
  0.86,     2, 14.15,    77,    16,  0.79,  0.79,10.259740,0.8279569,     46.5
  3.29,     2,  15.7,   123,     9,  3.16,  3.16,25.691056,0.9318181,       66
  3.66,     2, 14.05,   139,    15,  3.44,  3.44,24.748201,0.9025974,       77
  3.12,     2,  13.1,   105,    11,  2.91,  2.91,27.714285,0.9051724,       58
  7.68,     3, 18.37,   336,    18,  7.23,  7.23,21.517857,0.9491525,      118
  5.38,     4, 13.45,   211,    14,  5.12,  5.12,24.265402,0.9377777,    56.25
  6.66,     4, 15.48,   193,    48,   6.2,   6.2,32.124352,0.8008298,    60.25
   1.4,     2,  13.8,    47,    44,  1.13,  1.13,24.042553,0.5164835,     45.5
  3.98,     2, 14.05,   117,    12,  3.73,  3.73,31.880341,0.9069767,     64.5
  1.93,     2, 12.35,    69,    29,  1.67,  1.67,24.202898,0.7040816,       49
  6.01,     3,  16.3,   174,    49,  5.54,  5.54,31.839080,0.7802690,74.333333
   6.9,     4,  16.3,   284,    20,  6.48,  6.48,22.816901,0.9342105,       76
  3.76,     2, 15.02,   134,    26,  3.39,  3.39,25.298507,   0.8375,       80
  6.44,     4, 15.32,   176,    16,  6.08,  6.08,34.545454,0.9166666,       48
  3.47,     2, 15.25,   110,     9,  3.19,  3.19,       29,0.9243697,     59.5
  2.77,     2, 15.37,    92,    29,  2.35,  2.35,25.543478,0.7603305,     60.5
 14.24,     7, 19.56,   412,    42, 12.78, 13.66,31.019417,0.9074889,     90.8
 14.83,     6, 18.62,   425,    64, 13.89, 13.89,32.682352,0.8691206,     97.8
  9.56,     4, 14.94,    59,   118,  2.08,  2.08,35.254237,0.3333333,    44.25
  4.15,     2,  17.3,   136,    22,  3.91,  3.91,    28.75,0.8607594,       79
  7.86,     4, 17.33,   279,    41,  7.31,  7.31,26.200716, 0.871875,       80
   2.1,     1,  18.7,    87,     8,  1.95,  1.95,22.413793,0.9157894,       95
  6.66,     4, 16.52,   238,    77,  5.92,  5.92,24.873949,0.7555555,    78.75
  1.06,     1,  13.6,    33,     3,  1.02,  1.02,30.909090,0.9166666,       36
  9.92,     4, 16.58,   325,    24,  9.38,  9.38,28.861538,0.9312320,    87.25
  5.42,     3,  18.2,   211,    57,  4.85,  4.85,22.985781,0.7873134,89.333333
  6.81,     3, 17.33,   257,    28,  6.31,  6.31,24.552529,0.9017543,       95
  2.03,     2,   7.8,    72,    17,  1.88,  1.88,26.111111,0.8089887,     44.5
  6.72,     3, 12.03,   210,     6,  6.46,  6.46,30.761904,0.9722222,       72
  3.11,     2,  13.2,    93,    10,     3,     3,32.258064,0.9029126,     51.5
  1.45,     1,  15.4,    53,     3,  1.35,  1.35,25.471698,0.9464285,       56
   5.1,     3, 16.17,   131,    87,  4.31,  4.31,32.900763,0.6009174,72.666666
  7.01,     4,  14.4,   272,    37,  6.69,  6.69,24.595588,0.8802588,    77.25
   7.5,     3,  16.3,   236,    34,  6.88,  6.88,29.152542,0.8740740,       90
  3.54,     2,  16.2,   122,    26,  3.18,  3.18,26.065573,0.8243243,       74
   2.9,     2, 14.05,   104,    11,  2.74,  2.74,26.346153,0.9043478,     57.5
   9.2,     6, 16.12,   246,    36,  7.71,  8.35,31.341463,0.8723404,     56.4
 10.62,     5,    17,   365,   141,  9.95,  9.95,27.260273,0.7213438,    101.2
 19.25,     7, 19.94,   492,    77,  15.6, 16.71,31.707317,0.8646748,    113.8
   7.8,     4,  15.9,   275,    59,  7.14,  7.14,25.963636,0.8233532,     83.5
 13.16,     5,  19.5,   352,    84,  11.6,  11.6,32.954545,0.8073394,     87.2
   5.7,     4,  15.5,   240,    36,   5.2,   5.2,21.666666,0.8695652,       69
  1.13,     1,  19.7,    28,    71,  0.56,  0.56,       20,0.2828282,       99
  6.83,     3,    19,   160,   129,  5.41,  5.41,  33.8125,0.5536332,96.333333
  7.82,     5, 16.64,   296,   187,  6.32,  6.32,21.351351,0.6128364,     96.6
  10.1,     4,  18.1,   260,   133,   8.3,   8.3,31.923076,0.6615776,    98.25
  5.37,     2, 17.35,    52,    33,  1.63,  1.63,31.346153,0.6117647,     42.5
  5.51,     3, 14.53,   178,    12,  5.21,  5.21,29.269662,0.9368421,63.333333
 13.22,     6,  17.5,   419,    58, 11.91, 12.66,28.424821,0.8784067,     95.4
  5.27,     3, 15.93,   136,    67,  4.71,  4.71,34.632352,0.6699507,67.666666
  6.47,     3, 16.23,   365,    29,   5.9,   5.9,16.164383,0.9263959,131.33333
  1.68,     1,  12.8,    45,     9,  1.46,  1.46,32.444444,0.8333333,       54
  6.19,     3, 16.17,   177,    55,  5.51,  5.51,31.129943,0.7629310,77.333333
  4.44,     3, 14.07,   142,    35,  4.17,  4.17,29.366197,0.8022598,       59
  7.65,     3,  16.9,   239,    15,  7.28,  7.28,30.460251,0.9409448,84.666666
  7.46,     3, 18.43,   209,    36,  7.04,  7.04,33.684210,0.8530612,81.666666
   0.4,     1,   9.6,    19,    19,  0.32,  0.32,16.842105,      0.5,       38
     2,     2,  12.2,    65,    17,   1.9,   1.9,29.230769,0.7926829,       41
  6.25,     3, 18.02,   177,    61,  5.43,  5.43,30.677966,0.7436974,79.333333
  16.9,     5, 20.18,   609,   108, 14.88, 14.88,24.433497,0.8493723,    143.4
 12.76,     6, 19.62,   429,    81, 11.09, 12.14,25.850815,0.8411764,      102
  9.59,     5, 15.32,   311,    13,  9.05,  9.05,29.099678,0.9598765,     64.8
  2.74,     2,  14.4,    94,    30,  2.37,  2.37,25.212765,0.7580645,       62
  8.55,     3, 17.83,   262,    57,  7.76,  7.76,29.618320,0.8213166,106.33333
  5.54,     4, 15.55,   359,    64,  4.64,  4.64,12.924791,0.8486997,   105.75
  9.31,     7, 16.86,   317,   113,  7.72,  7.72,24.353312,0.7372093,       86
  1.73,     2, 18.85,    53,   131,  1.16,  1.16,21.886792,0.2880434,       92
  8.31,     3, 20.73,   238,    69,  6.88,  6.88,28.907563,0.7752442,102.33333
  9.56,     4, 18.02,   298,    43,  8.88,  8.88,29.798657,0.8739002,    85.25
 11.22,     6, 18.92,   354,    79,  9.88, 10.93,27.909604,0.8175519,     86.6
 10.43,     3,    18,   297,    55,  9.78,  9.78,32.929292,  0.84375,117.33333
 11.98,     5, 18.04,   350,    73, 11.29, 11.29,32.257142,0.8274231,     84.6
     5,     3,  17.8,   140,    73,  4.15,  4.15,29.642857,0.6572769,       71
  6.76,     4, 16.98,   186,    44,  5.92,  5.92,31.827956,0.8086956,     57.5
 14.26,     7, 17.76,   333,    69,  9.46, 10.32,28.408408,0.8283582,     80.4
  6.54,     4, 14.98,   220,    20,  6.02,  6.02,27.363636,0.9166666,       60
  5.36,     5,  14.7,   208,    71,  4.41,  4.41,21.201923,0.7455197,     55.8
  5.72,     3, 17.57,   159,    27,  5.31,  5.31,33.396226,0.8548387,       62
  8.79,     3,    20,   245,    41,  8.16,  8.16,33.306122,0.8566433,95.333333
  6.09,     3, 13.47,   218,    67,   5.2,   5.2,23.853211,0.7649122,       95
  6.32,     4,  17.3,   227,    66,  5.47,  5.47,24.096916,0.7747440,    73.25
  2.63,     2,  14.5,    80,    26,   2.3,   2.3,    28.75,0.7547169,       53
 10.49,     3, 19.33,   349,    29,  9.92,  9.92,28.424068,0.9232804,      126
 15.46,     7, 17.38,   433,   111, 10.48, 11.72,24.203233,0.7959558,    108.8
   3.5,     2, 15.85,    97,    23,  3.19,  3.19,32.886597,0.8083333,       60
  6.27,     3, 17.83,   225,    39,  5.79,  5.79,25.733333,0.8522727,       88
 11.67,     4, 17.55,   329,    43, 10.84, 10.84,32.948328,0.8844086,       93
 15.93,     6, 19.58,   536,   121, 14.59, 15.14,27.220149,0.8158295,    131.4
  3.89,     2,    17,   113,    17,  3.62,  3.62,32.035398,0.8692307,       65
  5.85,     2,  19.5,   155,    26,  5.36,  5.36,34.580645,0.8563535,     90.5
  2.24,     2, 15.65,    70,    24,  2.09,  2.09,29.857142,0.7446808,       47
  7.01,     3,  17.7,   221,    18,  6.56,  6.56,29.683257,0.9246861,79.666666
  5.35,     3,  16.6,   187,    51,  5.08,  5.08,27.165775,0.7857142,79.333333
  4.69,     3,  16.3,   161,    34,  4.08,  4.08,25.341614,0.8256410,       65
  15.1,     5,  20.4,   419,   117, 13.64, 13.64,32.553699,0.7817164,    107.2
 13.02,     5,  16.7,   450,   118, 11.97, 11.97,     26.6,0.7922535,    113.6
 13.98,     4, 19.68,   461,   113, 12.43, 12.43,26.963123,0.8031358,    143.5
  8.35,     3, 19.62,   215,    36,  7.68,  7.68,35.720930,0.8565737,83.666666
  5.96,     3, 17.53,   164,    60,  5.25,  5.25,32.012195,0.7321428,74.666666
  5.91,     4, 16.08,   180,    50,  5.24,  5.24,29.111111,0.7826086,     57.5
  10.1,     7, 15.76,   311,   126,  8.07,  9.53,25.948553,0.7116704,     87.4
  1.69,     2, 13.03,    41,    37,  1.18,  1.18,28.780487,0.5256410,       39
  7.13,     4,  17.8,   216,    91,  6.26,  6.26,28.981481,0.7035830,    76.75
  8.64,     4, 17.42,   245,    40,  7.87,  7.87,32.122448,0.8596491,    71.25
  6.55,     4, 17.52,   245,    54,  5.15,  5.15,21.020408,0.8193979,    74.75
  9.12,     4, 18.58,   249,    95,  8.06,  8.06,32.369477,0.7238372,       86
 12.38,     5, 17.68,   340,    79, 11.36, 11.36,33.411764,0.8114558,     83.8
  6.54,     2, 19.25,   217,    40,  6.06,  6.06,27.926267,0.8443579,    128.5
  6.47,     3,  16.3,   198,    19,  6.09,  6.09,30.757575,0.9124423,72.333333
  7.17,     5, 14.14,   220,    93,  6.29,  6.29,28.590909,0.7028753,     62.6
  3.04,     2,  15.2,    90,    26,  2.64,  2.64,29.333333,0.7758620,       58
