4
73-1 A low input
12,35,3
 90.0000, 91.0000, 12.4500, 16.3000,  6.1000, 19.7000, 15.6900, 23.8016, 0.932127,115.9344, 28.7500,0.545739
 87.8000, 91.0000, 11.2800, 15.2100,  5.3000, 19.0000, 14.5500, 24.8803, 0.930025,118.6415, 26.4900,0.549264
 85.0000, 93.0000, 13.1800, 15.0800,  5.5000, 17.6500, 14.1400, 23.4923, 0.877661,124.6909, 28.2600,0.500354
 87.4000, 92.0000, 12.7600, 12.8500,  5.6000, 20.0000, 11.8900, 24.4650, 0.884440, 98.1250, 25.6100,0.464272
 82.7000, 93.0000, 10.2000, 10.5700,  5.2000, 18.3000,  9.7300, 24.4288, 0.904610, 84.6731, 20.7700,0.468464
 82.8000, 91.0000, 12.9500, 11.7000,  5.7000, 19.0500, 11.3800, 25.5788, 0.850995, 91.7193, 24.6500,0.461663
 94.7000, 92.0000, 13.5500, 13.7700,  4.7000, 20.7000, 12.5700, 22.7306, 0.837752,140.4468, 27.3200,0.460102
 89.2000, 95.0000, 11.8300, 11.2700,  4.0500, 19.3000, 10.4700, 23.1100, 0.854973,130.8395, 23.1000,0.453247
 86.5000, 95.0000,  8.4000,  8.7700,  3.4000, 17.9000,  8.3700, 23.7043, 0.883413,117.5588, 17.1700,0.487478
 96.6000, 96.0000, 12.2900, 18.1500,  5.0000, 19.6400, 11.8300, 23.5892, 0.860649,116.5400, 30.4400,0.388633
 92.7000, 97.0000, 12.3500, 15.1200,  6.2000, 18.5800, 14.6700, 23.0915, 0.928123,110.4032, 27.4700,0.534037
 76.4000, 95.0000, 12.3200, 16.6350,  5.6000, 19.1100, 13.2500, 23.3110, 0.897096,113.1429, 28.9550,0.457607
 92.0000, 92.0000, 14.2400, 15.8300,  5.8000, 22.2100, 14.5500, 26.7759, 0.867497,108.0000, 30.0700,0.483871
 79.3000, 94.0000,  6.5300,  8.0700,  4.2000, 19.4000,  7.7200, 25.4366, 0.942254, 76.6905, 14.6000,0.528767
 88.1000, 91.0000, 10.5700, 14.0800,  5.2000, 22.0100, 13.0600, 25.2367, 0.916416,108.5962, 24.6500,0.529817
 86.0000, 91.0000, 11.7400, 14.3600,  4.9000, 18.9100, 13.8100, 24.2493, 0.936216,124.1429, 26.1000,0.529119
 85.2000, 90.0000, 11.4300, 16.1900,  5.3000, 18.9600, 15.3000, 26.8186, 0.933104,115.3585, 27.6200,0.553946
 78.5000, 91.0000,  9.0500, 11.4900,  4.6000, 18.3400, 10.1000, 23.1280, 0.874449,108.5652, 20.5400,0.491723
 81.1000, 95.0000,  9.7900, 10.1300,  4.4000, 15.7800,  9.5300, 21.4785, 0.828262,121.7500, 19.9200,0.478414
 75.5000, 93.0000,  7.6000,  8.2900,  3.9000, 15.5500,  7.7900, 21.3717, 0.908298,102.8974, 15.8900,0.490245
 77.3000, 94.0000, 10.3300, 13.1700,  5.4000, 15.2500, 12.0600, 19.6705, 0.900955,126.0185, 23.5000,0.513191
 85.6000, 94.0000, 12.2100, 14.0800,  5.3000, 19.6900, 13.3800, 21.3977, 0.924453,127.6226, 26.2900,0.508939
 76.4000, 95.0000,  9.3700,  8.4200,  4.4000, 18.4200,  7.6300, 20.1585, 0.900547, 95.5227, 17.7900,0.428893
 82.3000, 92.0000,  9.7100, 11.2500,  4.8500, 19.0550, 10.5050, 20.9305, 0.915291,113.0619, 20.9600,0.501193
 82.8000, 96.0000, 12.4300, 14.0300,  8.9000, 17.3000, 13.3800, 25.1551, 0.912193, 65.5169, 26.4600,0.505669
 73.3000, 91.0000, 10.0000, 11.2600,  6.2000, 15.7000, 11.0500, 28.3406, 0.957515, 65.6774, 21.2600,0.519755
 76.3000, 91.0000,  9.6300, 11.5800,  6.3000, 18.6400, 11.0600, 27.4510, 0.956553, 66.8571, 21.2100,0.521452
 82.8000, 91.0000, 12.8300, 15.9600,  7.5000, 24.2000, 15.2000, 26.8078, 0.931340, 81.1733, 28.7900,0.527961
 70.6000, 92.0000,  8.6100, 14.3650,  6.7500, 20.6000, 13.7500, 25.3667, 0.935779, 85.8148, 22.9750,0.598477
 76.5000, 89.0000,  9.7100, 12.7700,  6.0000, 17.0000, 12.3000, 23.7865, 0.940695, 91.6167, 22.4800,0.547153
 88.9000, 94.0000, 11.4500, 11.2400,  6.9000, 20.3000,  9.7700, 24.6717, 0.850698, 67.4638, 22.6900,0.430586
 81.6000, 94.0000,  9.7400, 10.7650,  5.5500, 19.6000,  9.6700, 24.7504, 0.891094, 79.0000, 20.5050,0.471592
 85.2000, 92.0000,  8.8400, 10.2900,  4.2000, 18.9000,  9.5700, 24.8313, 0.936801, 97.9524, 19.1300,0.500261
 80.7000, 93.0000, 11.2200, 13.5700,  7.1000, 17.4000, 12.6400, 24.6538, 0.930152, 77.6338, 24.7900,0.509883
 73.9000, 92.0000,  8.7700, 14.3900,  7.2000, 17.0550, 13.4600, 25.5505, 0.937700, 78.0278, 23.1600,0.581174
 78.2000, 90.0000, 11.0800, 15.2100,  7.3000, 16.7100, 14.2800, 26.4004, 0.944969, 78.4110, 26.2900,0.543172
 89.3000, 96.0000, 10.5300, 10.4850,  4.5500, 20.2700,  9.9000, 25.1652, 0.950816, 90.9341, 21.0150,0.471092
 78.9000, 92.0000,  8.2000,  9.7000,  4.4000, 20.2400,  9.4000, 24.9337, 0.937345, 91.4091, 17.9000,0.525140
 79.9000, 91.0000,  9.1400, 11.2700,  4.7000, 20.3000, 10.4000, 25.3782, 0.963555, 90.4894, 20.4100,0.509554
 83.9000, 93.0000, 12.0400,  9.6200,  4.3000, 17.5000, 10.9800, 23.5420, 0.934295,116.0930, 21.6600,0.506925
 75.9000, 92.0000,  6.8400,  6.2900,  3.3000, 16.2100,  5.8400, 24.9041, 0.824543, 86.1818, 13.1300,0.444783
 82.9000, 92.0000,  9.9200,  9.6900,  3.9000, 16.5300,  9.1100, 22.7012, 0.928720,110.7949, 19.6100,0.464559
 92.9000, 97.0000, 14.3900, 12.5100,  5.3500, 19.6550, 12.0450, 26.9704, 0.921965, 90.5421, 26.9000,0.447770
 87.1000, 95.0000, 11.8400, 12.8400,  5.3000, 19.5100, 12.3100, 27.1145, 0.916431, 93.4717, 24.6800,0.498784
 91.8000, 94.0000,  8.6300, 12.1800,  5.4000, 19.8000, 11.7800, 26.8215, 0.927757, 87.6667, 20.8100,0.566074
108.3000, 91.0000,  9.8700, 11.1000,  4.1500, 20.4350, 10.1100, 28.4789, 0.896351, 95.4337, 20.9700,0.482117
104.0000, 91.0000, 11.6600, 12.9200,  4.7000, 21.0000, 11.7200, 27.1234, 0.897218,102.4681, 24.5800,0.476810
105.9000, 87.0000,  9.1200,  9.2800,  3.6000, 19.8700,  8.5000, 30.5865, 0.895008, 86.2500, 18.4000,0.461957
 74.9000, 95.0000, 11.8700, 16.3300,  7.7000, 18.8900, 15.2900, 25.1895, 0.852887, 92.4286, 28.2000,0.542199
 76.3000, 95.0000,  9.1300, 12.6400,  6.1000, 19.6500, 11.7900, 24.1648, 0.835588, 95.7213, 21.7700,0.541571
 72.1000, 93.0000,  7.4400, 10.3500,  5.3000, 19.0000,  9.4300, 23.8131, 0.837032, 89.2642, 17.7900,0.530073
 74.5000, 75.0000,  7.0500,  7.9900,  6.3000, 16.4000,  7.0300, 24.6148, 0.774403, 58.5397, 15.0400,0.467420
 76.5000, 78.0000,  6.6400,  9.4100,  5.0000, 17.1000,  8.8000, 25.4409, 0.923878, 74.8800, 16.0500,0.548287
 73.1000, 73.0000,  7.1500,  8.0600, 10.4000, 12.5100,  6.2800, 22.1127, 0.541571, 50.4231, 15.2100,0.412886
 72.0000, 80.0000, 10.1000, 12.5700, 11.2000, 15.2000, 11.4400, 25.6100, 0.821895, 48.5268, 22.6700,0.504632
 65.0000, 78.0000,  7.0400,  9.1400, 15.2900,  7.4000,  8.4500, 25.9521, 0.889861, 23.9307, 16.1800,0.522250
 61.3000, 75.0000,  6.5200,  8.4700,  8.7000, 14.8000,  7.5000, 26.0417, 0.823092, 40.2184, 14.9900,0.500334
 78.0000, 85.0000,  8.4200, 11.5600,  7.7000, 15.3200, 10.8700, 25.3144, 0.918110, 60.7403, 19.9800,0.544044
 74.7000, 83.0000,  6.4300,  8.7900,  6.3000, 14.4400,  8.4300, 25.9305, 0.957585, 53.8889, 15.2200,0.553876
 75.7000, 78.0000,  6.6300,  6.8200,  6.1000, 14.3000,  6.1900, 25.3481, 0.823609, 48.6066, 13.4500,0.460223
 94.5000, 90.0000, 12.0200, 15.4700,  5.9000, 20.3000, 14.8200, 28.4672, 0.939711, 93.8983, 27.4900,0.539105
 81.4000, 91.0000,  6.6300,  7.8100,  3.8000, 17.8000,  7.2900, 26.5477, 0.956794, 75.5263, 14.4400,0.504848
 90.3000, 86.0000,  8.6300, 13.1100,  5.5600, 18.6400, 12.2600, 26.4967, 0.925956, 89.8741, 21.7400,0.563937
 97.5000, 93.0000, 14.7000, 13.3700,  6.5000, 26.1200, 12.5900, 25.1247, 0.844171, 91.3231, 28.0700,0.448522
 96.1000, 93.0000, 13.3950, 13.5400,  6.6000, 22.4850, 12.7800, 24.9829, 0.864543, 89.6515, 26.9350,0.474476
 92.1000, 94.0000, 12.0900, 13.7100,  6.7000, 18.8500, 12.9700, 24.8467, 0.885046, 88.0299, 25.8000,0.502713
 90.3000, 98.0000, 13.8000, 18.2900,  5.3000, 20.1200, 17.5200, 24.2089, 0.903045,151.2075, 32.0900,0.545964
 88.8000, 96.0000, 13.0000, 16.1300,  5.7000, 19.5000, 15.3700, 24.1591, 0.894922,124.7193, 29.1300,0.527635
 89.1000, 94.0000, 13.3600, 19.2500,  6.0000, 18.4000, 19.2200, 25.9344, 0.911226,135.5500, 32.6100,0.589390
 96.4000, 95.0000, 13.4600, 16.5700,  5.7000, 20.0500, 15.5400, 31.2676, 0.856897,101.7544, 30.0300,0.517483
 95.6000, 91.0000, 12.0400, 12.2800,  5.3000, 18.7800, 11.4000, 26.8046, 0.931654, 86.1321, 24.3200,0.468750
 93.7000, 91.0000, 12.3500, 12.1000,  5.8000, 15.8100, 11.4000, 28.1065, 0.878683, 79.5862, 24.4500,0.466258
 93.7000, 96.0000, 11.6000, 15.0700,  6.1000, 19.2100, 14.7300, 26.5214, 0.917410, 99.2459, 26.6700,0.552306
 87.1000, 96.0000,  9.4500, 11.8600,  5.6000, 17.2400, 11.3400, 25.1888, 0.927100, 86.7143, 21.3100,0.532145
 77.6000, 93.0000, 15.1600,  7.7700,  3.9000, 16.1000,  7.3800, 25.5363, 0.957271, 77.4103, 22.9300,0.321849
104.5000, 98.0000, 10.5800, 12.3100,  3.8000, 24.1000, 11.2000, 25.5766, 0.777383,148.2368, 22.8900,0.489297
 91.1000, 91.0000,  8.4200,  8.9900,  3.7000, 21.7000,  8.5700, 26.2160, 0.859811,102.7568, 17.4100,0.492246
 96.2000, 92.0000, 11.0700, 10.2200,  4.5000, 20.1000,  9.6000, 26.2438, 0.852879, 95.3111, 21.2900,0.450916
 83.2000, 98.0000, 14.3200, 10.8700,  8.9000, 16.8000,  9.9000, 24.3782, 0.824234, 55.3596, 25.1900,0.393013
 72.5000, 97.0000,  8.5200,  5.8500,  6.7000, 15.3000,  5.0600, 23.3503, 0.672146, 48.1194, 14.3700,0.352122
 81.3000, 95.0000, 14.6700,  7.7300,  9.1700, 16.1000, 12.2500, 23.6031, 0.908661, 62.2868, 22.4000,0.546875
 80.5000, 98.0000, 10.0600, 14.0500,  6.6000, 22.4200, 12.3200, 23.8945, 0.786935, 99.2727, 24.1100,0.510991
 78.0000, 97.0000,  9.8000, 11.1300,  5.3000, 20.6300, 10.3300, 24.4961, 0.811274, 98.0755, 20.9300,0.493550
 79.3000, 95.0000,  9.3300, 18.9700,  7.5000, 22.7100, 17.1200, 23.9877, 0.815844,116.6400, 28.3000,0.604947
 96.4000, 95.0000,  9.8000, 13.0200,  4.7000, 24.2950, 12.0450, 25.2622, 0.870868,116.4894, 22.8200,0.527826
 90.1000, 92.0000, 10.0300, 10.7900,  4.6000, 23.8000, 10.1000, 25.8775, 0.867719, 97.7826, 20.8200,0.485110
 96.5000, 93.0000,  9.7000, 15.2500,  4.8000, 24.7900, 13.9900, 24.8358, 0.873063,134.4167, 24.9500,0.560721
 82.9000, 99.0000,  9.9500, 13.9100,  5.3000, 21.1900, 13.4900, 27.3575, 0.950463, 97.8868, 23.8600,0.565381
 79.1000, 95.0000, 11.3900, 17.2900,  7.3000, 19.7000, 16.6800, 27.3532, 0.933701, 89.4658, 28.6800,0.581590
 82.2000, 94.0000,  8.9600, 15.6200,  5.7000, 21.7000, 15.0800, 26.6055, 0.962799,103.2807, 24.5800,0.613507
 84.9000, 95.0000, 13.1800, 15.7100,  7.6000, 21.2000, 14.3000, 30.7395, 0.756300, 80.9342, 28.8900,0.494981
 82.4000, 95.0000,  8.5600, 11.2300,  5.0000, 21.8000, 10.2900, 26.5823, 0.802280, 96.5000, 19.7900,0.519960
 86.3000, 81.0000, 10.0200, 16.1300,  6.0000, 21.5000, 15.4100, 27.7009, 0.874411,106.0333, 26.1500,0.589293
 76.3000, 89.0000,  4.0800, 13.6300,  7.7000, 17.7700, 12.4200, 22.5490, 0.892417, 80.1558, 17.7100,0.701299
 68.3000, 90.0000,  5.4800, 11.1700,  7.1000, 16.6400, 10.4300, 23.5228, 0.905452, 68.9718, 16.6500,0.626426
 75.4000, 87.0000,  9.3000, 15.1800,  8.6000, 17.5600, 12.6300, 19.1016, 0.935087, 82.2209, 24.4800,0.515931
 80.5000, 92.0000, 10.3500, 14.2000,  5.2000, 23.3800, 12.9700, 26.6763, 0.795094,117.5962, 24.5500,0.528310
 74.5000, 95.0000, 11.1500, 15.6000,  6.0000, 22.1000, 14.8000, 27.6636, 0.834633,106.8333, 26.7500,0.553271
 79.0000, 88.0000,  9.4100, 15.5600,  4.7800, 21.3200, 14.2700, 27.0573, 0.856030,128.8912, 24.9700,0.571486
 77.1000, 91.0000,  4.8700, 10.0700,  5.0000, 20.2300,  9.3600, 23.1683, 0.947689, 85.2600, 14.9400,0.626506
 71.4000, 88.0000,  8.3800, 10.5100,  5.8000, 18.9000,  9.8000, 24.8794, 0.924865, 73.4310, 18.8900,0.518793
 77.3000, 87.0000, 10.5900, 14.4400,  7.2000, 19.7000, 13.1600, 23.0837, 0.895539, 88.4167, 25.0300,0.525769
 80.9000, 88.0000,  9.2800, 14.4800,  6.2000, 20.8100, 13.3900, 24.3543, 0.910265, 97.4194, 23.7600,0.563552
 71.4000, 90.0000,  7.6200, 11.0200,  6.1000, 18.4100, 10.0900, 26.9354, 0.909003, 67.5574, 18.6400,0.541309
 79.5000, 86.0000, 11.5600, 22.0000,  7.4000, 21.8600, 20.6300, 24.7540, 0.957931,117.5676, 33.5600,0.614720
73-1 B high input
12,35,3
110.0000, 88.0000, 24.8700, 36.8200, 13.3000, 20.7000, 33.2600, 23.4403, 0.869100,113.9800, 61.6900,0.539147
101.8000, 91.0000, 28.5600, 28.1200,  9.1000, 19.9000, 24.9100, 20.3489, 0.910077,127.2200, 56.6800,0.439485
110.1000, 90.0000, 30.0400, 41.0000, 13.2000, 20.8000, 36.9500, 23.3019, 0.854665,146.4200, 71.0400,0.520130
103.7000, 90.0000, 21.6200, 25.2300, 11.9000, 20.2000, 23.1300, 25.0863, 0.898102,103.2400, 46.8500,0.493703
102.8000, 92.0000, 21.6400, 25.1600, 11.1000, 50.0000, 23.3300, 25.6730, 0.906548,100.8000, 46.8000,0.498504
 99.5000, 93.0000, 26.8000, 20.8700, 10.2000, 19.4000, 18.7000, 25.8818, 0.846617, 93.1000, 47.6700,0.392280
105.7000, 94.0000, 17.1300, 18.8400,  6.3000, 21.2000, 17.5300, 22.8338, 0.894801,131.5600, 35.9700,0.487351
112.3000, 92.0000, 31.2600, 36.6900, 11.5000, 21.1000, 32.1900, 22.9736, 0.885390,147.9800, 67.9500,0.473731
109.5000, 92.0000, 22.7700, 27.4800,  8.5000, 27.9100, 25.2000, 23.6997, 0.921563,151.4600, 50.2500,0.501493
104.1000, 97.0000, 29.4400, 24.4900,  9.0000, 20.6400, 23.1300, 25.6860, 0.900017,116.6200, 53.9300,0.428889
108.7000, 95.0000, 25.1900, 28.0700, 10.9000, 21.5500, 24.7000, 24.7771, 0.851042,134.4000, 53.2600,0.463763
105.6000, 91.0000, 23.8400, 21.9900, 10.5000, 19.3100, 19.0600, 25.1619, 0.893546,114.0400, 45.8300,0.415885
 97.2000, 91.0000, 17.8000, 23.4800,  8.5000, 22.9600, 19.3900, 26.2381, 0.835501,118.4200, 41.2800,0.469719
 99.3000, 93.0000, 29.6500, 27.8100, 12.1000, 24.3200, 23.8900, 25.7133, 0.847752,134.7800, 57.4600,0.415767
109.5000, 91.0000, 28.0200, 25.6450, 10.3000, 23.6400, 21.6400, 25.9568, 0.842022,126.6000, 53.6650,0.403242
105.8000, 92.0000, 22.1500, 24.0300,  8.4000, 21.3900, 21.8900, 22.3821, 0.821416,152.2980, 46.1800,0.474015
 93.6000, 91.0000, 24.9500, 30.5000, 12.9000, 21.3900, 24.7700, 19.4263, 0.772751,154.2800, 55.4500,0.446709
102.5000, 89.0000, 26.6500, 35.5000, 12.6000, 20.9500, 31.8800, 22.7170, 0.900275,138.1800, 62.1500,0.512953
 96.8000, 93.0000, 23.2900, 24.5600,  9.8000, 17.9900, 20.8000, 21.7252, 0.836831,119.1400, 47.8500,0.434692
102.2000, 93.0000, 23.9200, 24.8900,  9.2000, 18.2000, 21.0400, 22.7831, 0.856023,119.8800, 48.8100,0.431059
 98.4000, 92.0000, 25.0700, 25.7100, 10.3000, 18.1000, 22.0700, 21.6961, 0.868635,132.7600, 50.7800,0.434620
 95.8000, 94.0000, 25.1200, 27.4100, 11.7000, 19.2100, 23.1200, 21.0700, 0.846432,121.9000, 52.5300,0.440129
 95.9000, 92.0000, 25.3600, 22.8700, 10.6000, 20.2500, 20.3400, 21.7219, 0.834741,120.7800, 48.2300,0.421729
112.3000, 94.0000, 27.8300, 25.1400, 11.1500, 19.7300, 21.7300, 21.3922, 0.840613,121.3400, 52.9700,0.410232
 87.5000, 92.0000, 17.7000, 26.4200, 13.4500, 19.7500, 21.3850, 26.0915, 0.912596, 93.3600, 44.1200,0.484701
 95.2000, 91.0000, 18.5700, 24.8100, 13.6000, 20.0000, 20.2300, 25.9563, 0.886231, 96.1600, 43.3800,0.466344
 91.9000, 87.0000, 21.0300, 28.0300, 13.3000, 19.5000, 22.5400, 26.2268, 0.940592, 90.5600, 49.0600,0.459437
 94.5000, 91.0000, 18.0500, 23.9400, 10.4000, 19.0000, 23.2400, 23.0735, 0.919088, 99.1200, 41.9900,0.553465
102.2000, 88.0000, 21.5800, 31.5500, 13.5000, 19.1000, 28.9000, 23.6454, 0.948436,114.4200, 53.1300,0.543949
 97.5000, 87.0000, 21.0500, 30.0700, 12.6000, 19.3000, 27.5700, 25.2022, 0.936690,118.7800, 51.1200,0.539319
103.0000, 92.0000, 19.3000, 19.8400,  8.8000, 21.7000, 15.8800, 23.9075, 0.799775, 88.7000, 39.1400,0.405723
104.9000, 90.0000, 22.5600, 24.8900, 10.3000, 20.4000, 22.1800, 24.6112, 0.864912,102.6000, 47.4500,0.467439
104.1000, 92.0000, 18.0100, 24.6000,  9.5000, 20.7100, 22.5200, 25.1605, 0.837243, 81.8400, 42.6100,0.528514
 94.3000, 89.0000, 17.7600, 24.8700, 15.3000, 18.2100, 21.2800, 25.2192, 0.823251, 80.3400, 42.6300,0.499179
106.2000, 86.0000, 20.4500, 28.0800, 14.8000, 17.7000, 23.2100, 24.8943, 0.898748, 89.4800, 48.5300,0.478261
104.1000, 89.0000, 25.7700, 27.9000, 16.6000, 18.4000, 21.0900, 21.9191, 0.861897,100.3600, 53.6700,0.392957
102.3000, 92.0000, 25.6600, 32.6000, 15.0000, 22.6000, 25.4800, 24.4496, 0.928148,121.3600, 58.2600,0.437350
 98.5000, 92.0000, 14.8500, 24.9950, 11.9000, 21.8850, 19.1550, 24.3910, 0.850720,113.8800, 39.8450,0.480738
 93.5000, 91.0000, 17.7000, 17.3900,  8.8000, 21.1700, 12.8300, 24.3097, 0.762406,106.4000, 35.0900,0.365631
100.0000, 90.0000, 19.5600, 25.9900,  8.3000, 19.4200, 20.6800, 24.1773, 0.958789,124.2400, 45.5500,0.454007
 96.7000, 92.0000, 21.3100, 23.5700,  9.4000, 18.0600, 20.3000, 22.7582, 0.901930,114.0000, 44.8800,0.452317
 94.5000, 91.0000, 24.2900, 25.1000, 10.8800, 14.8000, 21.8900, 26.7489, 0.936026, 79.7200, 49.3900,0.443207
102.5000, 96.0000, 18.1300, 26.6400, 11.8000, 21.4600, 25.1600, 21.4969, 0.881922,109.0800, 44.7700,0.561983
107.1000, 92.0000, 18.9100, 22.4100,  9.9000, 22.9200, 19.0000, 24.9541, 0.845125,103.1800, 41.3200,0.459826
108.9000, 92.0000, 17.3300, 24.0000, 10.3000, 21.3100, 19.5700, 25.3423, 0.775233,107.4000, 41.3300,0.473506
127.9000, 90.0000, 21.7700, 24.8000,  8.0000, 23.2200, 23.2900, 31.4076, 0.835856,111.0000, 46.5700,0.500107
125.8000, 88.0000, 22.0900, 12.2900,  8.0000, 24.1000,  8.7000, 24.7322, 0.577832,106.6400, 34.3800,0.253054
118.8000, 88.0000, 21.6200, 15.1600,  8.3000, 21.7000,  9.9600, 25.5791, 0.610576, 97.5800, 36.7800,0.270799
 90.4000, 96.0000, 27.2600, 28.5350, 13.8500, 19.7900, 24.6350, 26.1988, 0.816272, 94.2700, 55.7950,0.441527
 87.8000, 94.0000, 18.4200, 23.6500, 11.7000, 20.0800, 18.6600, 26.9145, 0.762575, 93.8400, 42.0700,0.443546
 86.7000, 92.0000, 22.1600, 33.4200, 16.0000, 19.5000, 30.6100, 25.5769, 0.869483, 94.7000, 55.5800,0.550738
 93.3000, 77.0000, 17.9100, 23.7300, 15.6000, 17.1200, 22.6300, 25.3706, 0.892818, 92.1800, 41.6400,0.543468
 90.0000, 71.0000, 16.6100, 18.4200, 12.3000, 16.8800, 16.2800, 24.7403, 0.827789, 88.3800, 35.0300,0.464745
 95.1000, 70.0000, 16.1100, 19.2300, 10.5000, 18.2000, 17.1800, 27.6319, 0.852131, 84.9400, 35.3400,0.486135
 82.0000, 78.0000, 17.7200, 24.6000, 18.7000, 15.6300, 19.6700, 25.6718, 0.902710, 77.5000, 42.3200,0.464792
 82.2000, 79.0000, 16.6400, 27.1900, 10.3000, 22.4000, 21.5700, 22.1427, 0.901656,114.7000, 43.8300,0.492129
 81.3000, 77.0000, 15.5200, 22.9000, 14.7000, 16.9700, 21.0900, 26.1510, 0.757021,100.4200, 38.4200,0.548933
 93.4000, 79.0000, 19.1700, 27.6000, 16.7000, 16.1500, 27.8900, 26.6000, 0.890747, 71.7600, 46.7700,0.596322
 93.6000, 79.0000, 19.2000, 27.6100, 16.8000, 15.9100, 26.6600, 27.3000, 0.890185, 70.3000, 46.8100,0.569536
 94.4000, 79.0000, 18.4700, 25.5400, 17.9000, 15.5600, 23.7100, 26.7059, 0.862306, 66.9600, 44.0100,0.538741
103.7000, 92.0000, 15.8400, 20.6800,  7.9000, 19.5300, 19.3600, 27.4266, 0.865013, 98.3800, 36.5200,0.530120
 95.8000, 95.0000, 17.8900, 20.8500,  7.9000, 19.3200, 21.8500, 27.9990, 0.857685, 94.8600, 38.7400,0.564017
113.0000, 92.0000, 20.6800, 27.6800, 10.2000, 21.3000, 25.6800, 26.0183, 0.854366,127.5800, 48.3600,0.531017
103.0000, 98.0000, 22.2100, 24.0000, 11.0000, 21.5000, 20.4600, 24.0175, 0.819907,111.7200, 46.2100,0.442761
109.9000, 96.0000, 25.5000, 18.4300, 11.5000, 20.2500, 13.6000, 23.1214, 0.756087, 96.1000, 43.9300,0.309583
112.2000, 94.0000, 25.8200, 23.6700, 12.3000, 20.8700, 19.2200, 25.8980, 0.726276,105.8000, 49.4900,0.388361
103.2000, 93.0000, 25.8000, 27.6300,  9.8000, 19.6000, 24.1200, 23.1747, 0.853440,153.0980, 53.4300,0.451432
104.7000, 93.0000, 16.7100, 27.4200,  9.6000, 19.8000, 23.7400, 23.2252, 0.862088,144.4400, 44.1300,0.537956
107.5000, 94.0000, 25.8400, 27.5250,  9.7000, 19.7000, 23.9300, 23.1993, 0.857638,148.7690, 53.3650,0.448421
106.9000, 92.0000, 17.5300, 23.5000,  8.4000, 19.8200, 21.8700, 25.6796, 0.918732,104.1000, 41.0300,0.533025
110.6000, 93.0000, 26.2100, 21.5600, 10.6000, 19.7100, 19.2300, 27.2476, 0.851292,119.1600, 47.7700,0.402554
109.0000, 91.0000, 21.4500, 29.8400, 11.4000, 19.4600, 26.4000, 26.4823, 0.847076,106.7200, 51.2900,0.514720
108.1000, 91.0000, 19.3200, 32.4300, 10.4000, 20.6400, 30.0500, 26.2524, 0.927067,125.3200, 51.7500,0.580676
103.2000, 92.0000, 16.4700, 23.8900,  9.2000, 19.7300, 21.5500, 25.8094, 0.909211,120.9400, 40.3600,0.533944
106.8000, 91.0000, 21.6600, 26.5300, 10.3000, 19.6800, 22.3200, 26.5045, 0.890801,120.8800, 48.1900,0.463167
115.3000, 94.0000, 20.9000, 29.3300,  8.2000, 23.7400, 23.3300, 22.0033, 0.864354,127.9800, 50.2300,0.464463
113.9000, 92.0000, 20.4200, 19.0700,  7.2000, 23.6000, 15.7200, 25.0617, 0.725134,145.3800, 39.4900,0.398075
112.8000, 92.0000, 17.1800, 18.1400,  6.9000, 23.9600, 15.1400, 24.7554, 0.617709,152.2400, 35.3200,0.428652
 95.8000, 95.0000, 22.0700, 24.9800, 16.1000, 19.3150, 22.6250, 22.8163, 0.895361, 74.1600, 47.0500,0.480871
102.6000, 95.0000, 24.0200, 24.6300, 15.8000, 19.1800, 22.1900, 21.1320, 0.901770, 77.9800, 48.6500,0.456115
104.2000, 91.0000, 26.3000, 25.3300, 16.4000, 19.4500, 23.0600, 24.7119, 0.888257, 70.3400, 51.6300,0.446640
 88.6000, 96.0000, 27.1800, 35.1200, 13.1000, 24.5000, 23.9600, 23.3714, 0.774994,160.4400, 62.3000,0.384591
 92.3000, 95.0000, 20.6000, 31.1400, 12.8000, 23.7100, 26.7100, 23.6958, 0.766837,148.4800, 51.7400,0.516235
 89.5000,100.0000, 29.1900, 33.6700, 17.0000, 22.3300, 26.4800, 23.2955, 0.741610,132.9000, 62.8600,0.421254
110.0000, 90.0000, 19.6300, 32.4100,  9.4000, 26.6600, 26.6900, 25.2927, 0.881260,145.3600, 52.0400,0.512875
112.0000, 90.0000, 23.3400, 33.9400, 10.0000, 26.2000, 29.4000, 25.9156, 0.687580,187.4400, 57.2800,0.513268
107.0000, 94.0000, 17.0400, 26.2200,  7.6000, 26.5400, 24.6000, 30.1039, 0.809881,130.7600, 43.2600,0.568655
 97.4000, 97.0000, 23.0500, 31.6600, 14.5000, 20.8000, 29.2400, 26.1458, 0.787440,125.8000, 54.7100,0.534454
100.2000, 94.0000, 23.5500, 26.3200,  9.5000, 22.1000, 24.9800, 29.1329, 0.905522,109.0200, 49.8700,0.500902
 96.9000, 96.0000, 25.6400, 36.4900, 13.4000, 21.4000, 34.2900, 27.6480, 0.928416,110.6400, 62.1300,0.551907
 87.0000, 89.0000, 22.8200, 26.5200,  9.9000, 22.1500, 23.3400, 27.0043, 0.850208,120.3000, 49.3400,0.473044
 96.9000, 91.0000, 31.5600, 25.7900, 10.2000, 22.2700, 22.7900, 27.2203, 0.824406,126.2000, 57.3500,0.397384
 94.9000, 82.0000, 18.4800, 29.7400, 12.3000, 18.9200, 27.3100, 27.2089, 0.874752,100.9200, 48.2200,0.566363
104.2000, 87.0000, 12.4800, 21.2600, 12.2000, 18.3100, 16.5600, 22.9081, 0.902675, 80.7600, 33.7400,0.490812
105.8000, 85.0000, 16.8100, 28.3300, 13.9000, 18.1000, 26.3900, 23.1597, 0.869132, 96.2800, 45.1400,0.584626
106.0000, 82.0000, 16.4600, 33.1800, 16.5000, 17.1000, 30.8800, 23.9592, 0.873650,105.5800, 49.6400,0.622079
 91.4000, 91.0000, 19.2800, 24.1600,  7.4000, 24.6300, 20.9100, 21.4562, 0.735593,147.5000, 43.4400,0.481354
 89.1000, 94.0000, 24.9500, 18.6000,  6.0000, 23.1000, 18.0000, 25.4490, 0.887681,110.4000, 43.5500,0.413318
 89.2000, 90.0000, 23.2900, 35.9100,  9.2000, 25.6000, 32.4000, 28.0534, 0.872668,133.9800, 59.2000,0.547297
 92.9000, 88.0000, 16.5400, 28.3800, 11.5000, 21.5600, 24.4800, 19.4553, 0.904816,124.1800, 44.9200,0.544969
 89.7000, 87.0000, 15.6400, 27.6800, 12.6000, 20.9700, 25.3200, 25.6883, 0.856224,102.6600, 43.3200,0.584488
 94.9000, 88.0000, 10.9600, 26.1400, 11.7000, 21.5200, 22.1100, 23.6354, 0.838828, 87.3600, 37.1000,0.595957
 80.9500, 85.0000, 15.6400, 31.2100, 11.7000, 20.9400, 27.9900, 29.8094, 0.919705,100.3800, 46.8500,0.597439
 85.9000, 88.0000, 19.3300, 31.8200, 14.5000, 20.8000, 28.8000, 23.5716, 0.908786,101.3000, 51.1500,0.563050
 86.5000, 86.0000, 13.1500, 26.9400, 10.3000, 21.0000, 24.5300, 25.3936, 0.930178, 94.2400, 40.0900,0.611873
73-2 C low input
12,35,3
 77.7000, 64.0000,  6.8100,  7.9600,  4.0000, 16.9000,  6.6300, 23.3177, 0.958596, 83.3250, 14.7700,0.448883
 86.3000, 63.0000, 11.0300, 15.7400,  7.1000, 18.7000, 14.8600, 22.6415, 0.924362,108.9400, 26.7700,0.555099
 72.5000, 69.0000,  3.2600,  3.0800,  2.4000, 15.5000,  2.8700, 22.3173, 0.882636, 60.7083,  6.3400,0.452681
 70.8000, 64.0000,  7.5000,  8.0600,  4.0000, 16.5000,  7.8200, 23.6998, 0.889474, 90.2500, 15.5600,0.502571
 83.2000, 64.0000, 10.4100, 14.2400,  6.6000, 18.1000, 13.7900, 24.2870, 0.935819, 94.4200, 24.6500,0.559432
 71.7000, 62.0000,  6.1300,  5.6700,  4.7000, 15.9000,  5.2500, 21.6100, 0.913129, 54.1277, 11.8000,0.444915
 97.2000, 64.0000, 19.8000, 23.8400,  7.8000, 20.9000, 22.5200, 24.7963, 0.955864,130.9600, 43.6400,0.516040
 83.7000, 65.0000, 10.9500, 11.2800,  5.3000, 18.4000, 10.8100, 22.4757, 0.926538, 95.5600, 22.2300,0.486280
 81.7000, 64.0000, 13.1900, 11.2000,  5.7000, 16.9000, 10.8900, 21.8757, 0.914823, 96.7400, 24.3900,0.446494
 86.7000, 68.0000, 10.0800, 13.3400,  6.1000, 19.2000, 12.5100, 22.5961, 0.907634,106.1000, 23.4200,0.534159
 86.4000, 64.0000,  8.7000, 12.1700,  5.8000, 19.5000, 11.7300, 23.7953, 0.888183, 97.6600, 20.8700,0.562051
 75.2000, 68.0000,  9.6200,  7.9700,  4.9000, 17.4000,  7.5900, 21.7235, 0.866252, 78.7347, 17.5900,0.431495
 93.1000, 65.0000, 16.2900, 21.2000,  7.7000, 23.9000, 20.4900, 25.1684, 0.833048,128.3000, 37.4900,0.546546
 80.0000, 63.0000,  8.2600,  7.8300,  5.3000, 20.9000,  9.5000, 25.2666, 0.843157, 80.0800, 16.0900,0.590429
 78.7000, 63.0000,  7.6200,  5.3800,  4.7000, 19.6000,  4.3100, 17.9475, 0.623529, 74.1489, 13.0000,0.331538
 85.7000, 65.0000, 13.4800, 17.1900,  7.2000, 19.0000, 18.0800, 25.3849, 0.917746,118.9000, 30.6700,0.589501
 80.9000, 62.0000, 12.1900, 14.5400,  6.2000, 18.2000, 13.5800, 23.3312, 0.837222,110.5800, 26.7300,0.508043
 86.3000, 61.0000, 11.1900, 12.0800,  6.3000, 18.4000, 10.9100, 21.2942, 0.835827,104.2800, 23.2700,0.468844
 79.1000, 69.0000, 15.5200, 21.5200,  7.7000, 18.9000, 19.6800, 20.8731, 0.868192,142.4800, 37.0400,0.531317
 75.0000, 68.0000, 10.7500, 11.0800,  5.8000, 15.6000, 10.6900, 19.2727, 0.941757,103.3600, 21.8300,0.489693
 58.9000, 68.0000,  4.3100,  3.6900,  2.5000, 14.2000,  3.4100, 19.8026, 0.899217, 76.6000,  8.0000,0.426250
 84.0000, 64.0000, 12.0000, 14.8000,  7.0000, 18.8000, 13.9200, 20.4903, 0.874194,114.7800, 26.8000,0.519403
 80.0000, 57.0000,  7.5500,  6.8200,  4.8000, 17.6000,  6.4600, 25.0525, 0.815817, 60.8542, 14.3700,0.449548
 79.2000, 62.0000,  8.4000,  6.1100,  4.3000, 18.0000,  5.4900, 18.2073, 0.717047, 92.6279, 14.5100,0.378360
 74.2000, 67.0000, 12.2700, 14.8300, 10.6000, 18.6000, 12.6800, 27.4233, 0.935378, 60.6600, 27.1000,0.467897
 64.9000, 64.0000,  6.7600,  6.5600,  6.6000, 17.0000,  5.8800, 22.6024, 0.859420, 51.6860, 13.3200,0.441441
 75.5000, 61.0000, 12.0400, 11.4900,  9.9000, 19.1000,  9.8700, 21.1002, 0.969285, 54.7620, 23.5300,0.419465
 69.2000, 57.0000,  9.5500, 15.1600,  9.6000, 20.2000, 14.1000, 22.1177, 0.941310, 79.0600, 24.7100,0.570619
 65.2000, 45.0000,  6.8700,  9.9600,  7.7000, 18.2000,  9.3700, 21.4497, 0.943080, 71.6800, 16.8300,0.556744
 73.4000, 54.0000,  7.1900,  8.8200,  6.5000, 16.4000,  7.9000, 22.0810, 0.800482, 74.6800, 16.0100,0.493442
 78.6000, 66.0000, 10.7900, 13.3600,  6.6700, 16.7000, 15.6400, 26.3892, 0.945628, 98.5800, 24.1500,0.647619
 72.6000, 65.0000,  8.3600, 10.3600,  5.2000, 17.3000,  9.8700, 24.0552, 0.959569, 81.6200, 18.7200,0.527244
 77.8000, 60.0000,  9.0500,  9.2700,  4.9000, 17.6000,  8.6300, 22.4335, 0.838724, 89.5918, 18.3200,0.471070
 73.8000, 66.0000, 14.7300, 19.2600,  9.7000, 17.9000, 18.7600, 27.7127, 0.959668, 81.8200, 33.9900,0.551927
 66.0000, 64.0000,  8.8200, 10.9700,  6.1000, 16.2000,  9.7900, 23.8951, 0.952471, 73.6400, 19.7900,0.494694
 65.1000, 61.0000,  7.4500,  8.3800,  4.9000, 16.6000,  7.9100, 22.2052, 0.951212, 69.8571, 15.8300,0.499684
 79.2000, 61.0000, 12.3300, 12.6500,  6.7000, 22.7000, 11.4600, 20.0000, 0.848261,113.8800, 24.9800,0.458767
 75.4000, 64.0000,  8.3200,  9.7100,  6.0000, 20.2000,  8.5200, 21.2705, 0.777889, 80.1400, 18.0300,0.472546
 80.9000, 62.0000,  9.8100,  8.2200,  5.7000, 21.0400,  6.9500, 19.6985, 0.664272, 91.8600, 18.0300,0.385469
 85.3000, 74.0000, 14.8000, 12.6700,  5.7000, 18.6000, 11.9700, 20.4753, 0.909720,115.6400, 27.4700,0.435748
 85.3000, 67.0000, 16.3600, 13.6700,  6.1000, 18.9000, 12.4500, 18.5126, 0.869042,129.6600, 30.0300,0.414585
 77.0000, 68.0000,  6.4200,  5.1500,  2.8000, 17.7000,  4.8800, 18.4360, 0.900953,104.9286, 11.5700,0.421780
 94.7000, 61.0000, 15.5500, 13.5700,  7.8000, 19.9000, 12.5600, 23.4139, 0.936351, 84.8400, 29.1200,0.431319
 94.9000, 64.0000, 11.5800, 11.9700,  6.5000, 19.8000, 11.4300, 22.4868, 0.924235, 86.3200, 23.5500,0.485350
 92.6000, 62.0000, 15.0600, 14.3000,  8.4000, 20.6000, 13.2800, 23.6225, 0.801041, 88.3600, 29.3600,0.452316
110.5000, 59.0000, 18.3200, 16.7200,  6.4000, 21.6000, 15.6600, 25.9455, 0.918909,107.0400, 35.0400,0.446918
104.0000, 56.0000, 14.5100, 14.5600,  6.0000, 19.7000, 13.4400, 25.2729, 0.896024, 94.0600, 29.0700,0.462332
 95.1000, 58.0000, 10.7400,  9.7200,  5.0000, 20.2000,  8.4000, 21.7071, 0.783882, 93.5600, 20.4600,0.410557
 71.7000, 67.0000, 24.1200, 21.4400, 15.6000, 18.0000, 20.0600, 21.4625, 0.821514, 92.2200, 45.5600,0.440299
 72.7000, 61.0000, 16.4400, 19.4500, 12.3000, 18.5000, 18.3700, 21.1151, 0.866571, 97.2800, 35.8900,0.511842
 70.0000, 58.0000, 16.0900, 19.0600, 14.0000, 17.8000, 18.4200, 21.4361, 0.850191, 88.7800, 35.1500,0.524040
 63.1000, 43.0000,  9.5900, 10.3100, 12.0000, 17.8000,  8.0200, 24.7502, 0.772903, 56.9800, 19.9000,0.403015
 61.9000, 43.0000,  7.0100,  6.3300,  8.0000, 15.1000,  5.4800, 22.9155, 0.732309, 49.4600, 13.3400,0.410795
 48.1000, 40.0000,  3.5500,  2.3400,  5.2000, 11.8000,  2.2000, 26.3736, 0.504355, 25.2600,  5.8900,0.373514
 59.4000, 42.0000,  9.2700, 11.4300, 17.5000, 16.1000,  8.7200, 25.4179, 0.764949, 53.1800, 20.7000,0.421256
 53.4000, 41.0000,  5.3700,  4.9100,  7.5000, 15.5000,  4.3300, 25.5167, 0.757151, 37.0600, 10.2800,0.421206
 51.5000, 42.0000,  5.9900,  6.7600, 11.7000, 15.6000,  5.6900, 23.1141, 0.727712, 45.5400, 12.7500,0.446275
 68.5000, 46.0000,  6.6600,  8.3300,  9.0000, 15.7000,  7.4600, 23.5065, 0.895349, 51.6000, 14.9900,0.497665
 60.9000, 45.0000,  5.6200,  5.6400,  6.1000, 14.7000,  5.2400, 23.5605, 0.863201, 43.8600, 11.2600,0.465364
 65.3000, 49.0000,  6.0000,  4.4400,  5.1000, 14.5000,  4.0800, 21.5160, 0.877687, 39.0800, 10.4400,0.390805
 88.2000, 67.0000,  9.8200, 12.5900,  6.6000, 18.5000, 11.7600, 25.8668, 0.906687, 80.1600, 22.4100,0.524766
 74.4000, 66.0000,  4.8000,  4.6400,  3.2000, 16.9000,  4.3700, 22.0930, 0.896239, 68.9688,  9.4400,0.462924
 79.7000, 63.0000,  6.3600,  7.7900,  4.4000, 19.2000,  6.9700, 21.5178, 0.774365, 93.9773, 14.1500,0.492580
 83.1000, 64.0000, 11.0800, 14.8000,  5.8000, 20.0000, 13.0300, 17.7875, 0.910244,126.1200, 25.8800,0.503478
 76.0000, 56.0000,  3.7900,  3.9300,  2.4000, 17.8000,  3.7400, 23.4043, 0.927452, 71.7917,  7.7200,0.484456
 90.3000, 54.0000,  6.3100,  7.1100,  5.1000, 17.8000,  5.9200, 22.9488, 0.712886, 67.3600, 13.4200,0.441133
 88.8000, 66.0000, 14.7500, 22.0000,  7.3000, 19.7000, 20.4300, 22.5722, 0.905691,135.3000, 36.7500,0.555918
 72.0000, 64.0000,  5.4200,  5.7200,  3.0000, 17.0000,  5.4600, 21.9984, 0.904519, 91.4667, 11.1400,0.490126
 65.7000, 70.0000,  5.1900,  4.9500,  3.1000, 15.9000,  4.5100, 20.8893, 0.860502, 80.9355, 10.1400,0.444773
 95.4000, 61.0000, 22.7900, 28.8500, 10.2000, 21.0000, 27.0800, 25.5753, 0.923357,131.7800, 51.6400,0.524400
 78.5000, 64.0000,  4.8800,  4.9100,  3.0000, 17.7000,  4.5800, 23.8417, 0.876369, 73.0667,  9.7900,0.467824
 86.0000, 64.0000,  7.0500,  7.4700,  4.9000, 18.2000,  6.3600, 20.0065, 0.739832, 84.7959, 14.5200,0.438017
 94.0000, 63.0000, 16.8400, 23.7300,  9.2500, 21.3000, 22.3100, 26.1042, 0.898372,106.8600, 40.5700,0.549914
 79.2000, 65.0000,  5.0600,  6.5300,  3.4000, 18.1000,  6.4000, 26.4572, 0.936871, 75.9412, 11.5900,0.552200
 80.1000, 64.0000,  5.7110,  6.9500,  4.0000, 18.2000,  6.5000, 23.5831, 0.859993, 76.4250, 12.6610,0.513388
 92.1000, 61.0000, 11.7400, 10.2400,  4.7000, 21.9000,  9.4800, 22.0199, 0.873734,102.9574, 21.9800,0.431301
 95.1000, 65.0000, 10.3100, 11.4000,  5.3000, 21.8000, 10.6100, 24.4109, 0.828875, 94.2000, 21.7100,0.488715
 99.1000, 63.0000, 12.9600,  9.3300,  5.6000, 23.5000,  6.4100, 19.4507, 0.461699,115.1400, 22.2900,0.287573
 74.3000, 61.0000, 11.6000, 10.5800, 12.1000, 16.6000,  9.6500, 23.0000, 0.927282, 40.9800, 22.1800,0.435077
 69.8000, 63.0000, 13.2000,  8.5600, 11.1000, 16.1000,  7.9000, 24.1552, 0.913143, 35.0000, 21.7600,0.363051
 65.8000, 59.0000, 10.5700,  9.0000, 11.1000, 16.5000,  8.3600, 22.8879, 0.881716, 44.3000, 19.5700,0.427184
 70.7000, 67.0000, 13.8700, 21.0200, 12.0000, 20.8000, 18.5200, 24.0094, 0.805708, 94.6000, 34.8900,0.530811
 75.6000, 67.0000, 20.3200, 25.4600, 11.7000, 22.1000, 22.2600, 24.0697, 0.831245,102.1600, 45.7800,0.486239
 67.9000, 67.0000,  8.3000, 11.8100,  6.0000, 20.5000, 10.3500, 23.4255, 0.822743, 85.3000, 20.1100,0.514669
 85.1000, 61.0000, 14.9700, 21.5400,  8.8000, 23.7000, 19.4100, 22.9048, 0.902847,108.9000, 36.5100,0.531635
 88.5000, 64.0000, 14.9300, 18.8800,  8.2000, 23.0000, 16.9700, 23.5608, 0.833430,103.3800, 33.8100,0.501923
 84.5000, 61.0000,  9.5400, 12.9800,  7.0000, 22.3000, 11.5600, 23.0748, 0.877705, 82.2600, 22.5200,0.513321
 74.2000, 70.0000, 13.5200, 15.2500,  8.8000, 19.3000, 13.5300, 23.1474, 0.867166, 88.0800, 28.7700,0.470282
 82.2000, 70.0000, 15.3600, 18.5800,  8.9000, 20.1000, 16.2300, 25.1577, 0.861413, 88.3200, 33.9400,0.478197
 75.8000, 68.0000,  9.3200,  9.0200,  6.7000, 18.4000,  9.2900, 23.2143, 0.828306, 68.9600, 18.3400,0.506543
 82.3000, 68.0000, 18.5400, 23.8500, 11.3000, 20.3000, 21.2000, 25.1812, 0.827276,106.7600, 42.3900,0.500118
 74.4000, 57.0000, 13.2000, 14.1900,  8.5000, 20.7000, 13.5100, 24.0541, 0.892531, 81.1400, 27.3900,0.493246
 78.7000, 65.0000, 16.6500, 18.1900,  9.9000, 21.9000, 16.2600, 22.7162, 0.834308, 88.9600, 34.8400,0.466705
 72.2000, 58.0000, 10.0800, 10.9700,  9.6000, 18.2000,  9.8500, 18.8692, 0.776880, 74.2200, 21.0500,0.467933
 70.3000, 58.0000,  8.1600,  8.5400,  7.1000, 17.6000,  7.8500, 19.7245, 0.765826, 77.7200, 16.7000,0.470060
 75.0000, 59.0000,  9.4700,  4.8000,  7.1000, 17.2000,  3.5800, 14.2551, 0.618085, 60.3800, 14.2700,0.250876
 79.6000, 64.0000, 16.1600, 23.4000,  8.0000, 23.2000, 22.1400, 26.1244, 0.918575,116.1800, 39.5600,0.559656
 70.4000, 65.0000,  9.7000, 14.0300,  5.5000, 22.2000, 13.3800, 25.1403, 0.880152,105.3000, 23.7300,0.563843
 68.5000, 69.0000,  5.1300,  6.5000,  3.0000, 21.4000,  5.5000, 22.0618, 0.871374, 95.3667, 11.6300,0.472915
 77.3000, 52.0000, 10.6500, 18.1500,  9.4000, 21.0000, 16.7500, 21.7418, 0.902032,110.2400, 28.8000,0.581597
 73.9000, 54.0000,  7.4600, 12.2700,  7.4000, 19.8000, 11.2500, 22.8702, 0.868986, 85.6400, 19.7300,0.570198
 83.4000, 53.0000, 11.7000, 16.4800, 10.2000, 20.7000, 13.7800, 20.8611, 0.723705,116.1800, 28.1800,0.488999
 73.9000, 54.0000,  9.7700, 15.1300,  9.2000, 21.0000, 13.6200, 20.7733, 0.858911, 96.9600, 24.9000,0.546988
 70.1000, 53.0000,  9.1200, 16.4300,  9.6000, 20.6000, 14.7900, 21.9245, 0.858069, 95.6800, 25.5500,0.578865
 72.5000, 53.0000,  6.1200,  9.9700,  7.2000, 19.7000,  9.0700, 21.0526, 0.823764, 85.3400, 16.0900,0.563704
73-2 D high input
12,35,3
 96.3000, 67.0000, 18.8600, 27.1000, 10.3000, 19.3000, 26.1300, 23.5384, 0.920507,113.7200, 45.9600,0.568538
 91.7000, 68.0000, 25.3700, 33.3300, 12.7000, 19.3000, 32.8100, 25.5809, 0.919803,109.4800, 58.7000,0.558944
 96.1000, 67.0000, 29.1400, 30.4700, 13.1000, 19.4000, 29.1700, 24.6978, 0.948662,109.8600, 59.6100,0.489347
 94.1000, 63.0000, 22.0000, 33.1200, 14.4000, 19.9000, 30.2600, 25.1523, 0.936146,105.2400, 55.1200,0.548984
 91.0000, 63.0000, 18.0700, 28.7600, 12.5000, 20.1000, 24.2300, 25.0156, 0.942391,101.7200, 46.8300,0.517403
 91.8000, 62.0000, 24.6600, 33.3500, 15.5000, 20.9000, 29.3500, 22.3983, 0.918268,111.3400, 58.0100,0.505947
 94.7000, 68.0000, 34.5700, 30.6800, 13.2000, 19.8000, 29.5000, 24.1597, 0.955782,105.8400, 65.2500,0.452107
100.0000, 65.0000, 22.7900, 24.7000,  9.0000, 20.3000, 23.1300, 23.4904, 0.950929,117.3800, 47.4900,0.487050
 96.7000, 65.0000, 25.1600, 29.8800, 12.1000, 22.5000, 27.5300, 23.5175, 0.955179,113.3400, 55.0400,0.500182
 90.6000, 64.0000, 17.8300, 28.8800, 13.7000, 21.8000, 27.6400, 24.3593, 0.919883, 95.8600, 46.7100,0.591736
101.4000, 72.0000, 37.0400, 30.5800, 14.1000, 19.1000, 28.6100, 24.2913, 0.880809,109.7400, 67.6200,0.423100
 96.1000, 71.0000, 20.1800, 25.1500, 11.9000, 19.1000, 23.8200, 22.6589, 0.864463,107.7200, 45.3300,0.525480
 95.9000, 69.0000, 21.8900, 28.3700, 11.9000, 22.4000, 26.7100, 25.9049, 0.907910,104.6800, 50.2600,0.531437
 91.4000, 70.0000, 31.2900, 34.9300, 16.9000, 22.5000, 33.0600, 24.1278, 0.879320,108.2200, 66.2200,0.499245
 89.8000, 70.0000, 30.3900, 32.9900, 15.9000, 21.8000, 31.2700, 23.8774, 0.811291,115.8400, 63.3800,0.493373
 97.0000, 64.0000, 35.2200, 39.5500, 12.2000, 19.5100, 37.7000, 22.2430, 0.916195,152.0200, 74.7700,0.504213
 94.4000, 63.0000, 22.2800, 28.2200, 12.6000, 19.3000, 27.1900, 23.8724, 0.922923,110.0200, 50.5000,0.538416
 91.9000, 65.0000, 20.2000, 30.4700, 12.3000, 19.5000, 29.0000, 23.0982, 0.907507,119.3600, 50.6700,0.572331
 77.5000, 76.0000, 34.4200, 27.1500, 11.7000, 16.8000, 25.1300, 19.5919, 0.876611,131.9400, 61.5700,0.408153
 80.0000, 71.0000, 47.8200, 34.3000, 15.1000, 17.7000, 32.8400, 20.2764, 0.924864,128.3000, 82.1200,0.399903
 82.8000, 73.0000, 29.6900, 30.9200, 14.9000, 17.3000, 28.7100, 19.9922, 0.890413,115.1600, 60.6100,0.473684
103.9000, 68.0000, 22.1200, 30.1100, 15.0000, 20.3000, 28.6500, 24.2933, 0.909237, 99.6000, 52.2300,0.548535
 81.8000, 73.0000, 30.0100, 40.6000, 15.0000, 17.6000, 31.3800, 19.5982, 0.898807,117.4000, 70.6100,0.444413
 90.1000, 65.0000, 33.4200, 34.6400, 15.7000, 20.6000, 33.2900, 20.5249, 0.840635,126.0000, 68.0600,0.489127
 83.6000, 65.0000, 19.6900, 33.9500, 20.7000, 19.7000, 35.5800, 26.7113, 0.503890,136.2600, 53.6400,0.663311
 80.6000, 64.0000, 19.9900, 29.1500, 19.2000, 19.7000, 27.4600, 25.6980, 0.940767, 74.6200, 49.1400,0.558812
 86.0000, 62.0000, 25.2600, 34.4000, 21.4000, 20.2000, 32.6400, 25.5114, 0.884422, 79.6000, 59.6600,0.547100
 71.1000, 60.0000, 14.9900, 25.5500, 16.8000, 20.0000, 22.9000, 22.9053, 0.901654, 89.4800, 40.5400,0.564874
 89.8000, 59.0000, 18.4800, 29.4600, 15.4000, 19.2000, 28.0900, 23.2723, 0.947959, 98.0000, 47.9400,0.585941
 90.2000, 57.0000, 18.5800, 29.5500, 15.5000, 19.7000, 26.8200, 23.3326, 0.959286, 99.7200, 48.1300,0.557241
102.0000, 69.0000, 24.6200, 31.9600, 14.2000, 20.4000, 30.0500, 22.7868, 0.894166,116.2200, 56.5800,0.531106
 93.7000, 67.0000, 22.6800, 32.3700, 15.0000, 19.7000, 31.4600, 16.5819, 0.931294, 92.8600, 55.0500,0.571480
 97.2000, 65.0000, 25.5800, 32.7700, 14.2000, 18.9000, 28.1100, 23.9714, 0.936904, 98.5800, 58.3500,0.481748
 81.1000, 64.0000, 16.8600, 18.3500, 17.3000, 17.3100, 17.1600, 24.2038, 0.931935, 50.5400, 35.2100,0.487362
 87.8000, 65.0000, 19.6800, 29.8400, 14.4000, 19.6200, 28.6100, 24.8557, 0.939729, 95.9000, 49.5200,0.577746
 87.1000, 66.0000, 20.2900, 28.7900, 14.5000, 19.7300, 25.5100, 27.3878, 0.931005, 93.3400, 49.0800,0.519764
 94.6000, 63.0000, 23.2800, 32.1900, 12.4000, 19.8000, 29.9100, 24.5792, 0.942661,110.9200, 55.4700,0.539210
 85.3000, 69.0000, 19.8300, 28.6700, 14.8000, 21.1000, 27.0200, 25.0647, 0.935136, 90.9600, 48.5000,0.557113
 89.1000, 66.0000, 18.6000, 26.3700, 14.2000, 19.1000, 24.8500, 23.5095, 0.936548, 94.5600, 44.9700,0.552591
 92.6000, 73.0000, 33.2100, 33.4500, 12.3000, 19.3000, 31.5700, 20.4906, 0.931198,143.6000, 66.6600,0.473597
 92.8000, 72.0000, 38.6200, 34.8700, 12.5000, 19.3000, 33.5900, 19.9406, 0.932696,144.4200, 73.4900,0.457069
 95.8000, 69.0000, 34.2600, 30.0600, 12.2000, 19.8000, 28.0300, 21.5336, 0.916679,132.0200, 64.3200,0.435790
106.0000, 63.0000, 23.6500, 29.3300, 14.5000, 20.7000, 27.0800, 25.5351, 0.946890, 85.8600, 52.9800,0.511136
106.4000, 62.0000, 21.0600, 25.8400, 13.0000, 21.8000, 21.7800, 24.4735, 0.931255, 96.8800, 46.9000,0.464392
102.6000, 65.0000, 20.9900, 24.5100, 13.3000, 19.7000, 23.2800, 24.8112, 0.904170, 82.0200, 45.5000,0.511648
120.0000, 66.0000, 21.2100, 25.4600, 10.4000, 20.3000, 22.8100, 25.5592, 0.886227,116.0200, 46.6700,0.488751
120.9000, 65.0000, 21.3000, 28.2800, 11.2000, 20.2000, 26.7400, 27.6539, 0.877738,111.4000, 49.5800,0.539330
119.9000, 64.0000, 19.3000, 26.0800, 10.6000, 20.9000, 22.5000, 26.3961, 0.891175,120.5600, 45.3800,0.495813
 78.0000, 67.0000, 24.1700, 35.8900, 20.4000, 20.2000, 34.1400, 23.2189, 0.802385, 97.2600, 60.0600,0.568432
 76.5000, 68.0000, 27.3300, 21.7500, 21.3000, 18.9000, 30.3200, 23.3735, 0.817130, 81.2600, 49.0800,0.617767
 76.0000, 66.0000, 25.7500, 28.8200, 20.8500, 19.5500, 32.2300, 23.2899, 0.809097, 89.2600, 54.5700,0.590618
 71.4000, 43.0000, 11.0000, 14.3800, 13.8800, 18.0000, 12.7800, 21.6904, 0.790872, 74.5000, 25.3800,0.503546
 66.3000, 42.0000, 11.5100, 14.6500, 15.6000, 16.9000, 13.6000, 24.4965, 0.812897, 59.8600, 26.1600,0.519878
 71.6000, 45.0000, 11.2100, 15.6100, 14.5000, 17.6000, 13.5500, 23.7573, 0.805994, 63.4000, 26.8200,0.505220
 60.4000, 42.0000, 13.1400, 21.0800, 24.2000, 16.4000, 18.6600, 24.8000, 0.837934, 50.7200, 34.2200,0.545295
 60.2000, 46.0000, 13.4000, 12.6600, 19.4000, 16.2200, 10.5800, 24.3149, 0.720891, 47.5800, 26.0600,0.405986
 61.6000, 44.0000, 12.7600, 16.1600, 20.6000, 17.0000, 14.0500, 24.9534, 0.797916, 53.7400, 28.9200,0.485823
 80.0000, 51.0000, 16.1600, 22.6800, 22.4000, 17.3000, 20.0700, 23.8470, 0.891901, 62.7200, 38.8400,0.516735
 80.4000, 53.0000, 15.6300, 21.3100, 17.3000, 18.0800, 18.8300, 22.1206, 0.935658, 63.1000, 36.9400,0.509746
 76.4000, 49.0000, 15.4500, 23.4100, 23.1000, 16.7900, 19.6400, 22.5772, 0.925581, 60.2000, 38.8600,0.505404
100.7000, 67.0000, 17.5800, 23.2600, 10.9000, 20.2000, 21.7300, 27.7428, 0.938199, 94.8200, 40.8400,0.532076
 98.5000, 68.0000, 19.3300, 25.8500, 12.5000, 19.9000, 24.1600, 24.0291, 0.945858,104.5400, 45.1800,0.534750
101.7000, 66.0000, 19.4200, 27.4500, 12.9000, 19.9000, 26.1700, 23.8367, 0.885725,106.7600, 46.8700,0.558353
 94.4000, 59.0000, 31.0900, 32.2800, 14.0000, 19.5000, 29.5700, 24.3267, 0.922440, 99.0200, 63.3700,0.466625
101.2000, 59.0000, 19.1100, 24.2300, 13.3000, 19.4000, 22.9200, 23.8647, 0.895304, 98.3800, 43.3400,0.528842
101.0000, 60.0000, 18.9700, 23.1100, 13.0000, 19.7000, 21.9700, 25.0397, 0.873813, 86.3800, 42.0800,0.522101
 85.3000, 71.0000, 19.4500, 31.6600, 15.6000, 18.2100, 30.2300, 27.1891, 0.941232, 85.4200, 51.1100,0.591469
 96.2000, 72.0000, 24.7800, 32.0600, 13.1000, 19.5100, 30.0900, 19.7906, 0.890734,137.2800, 56.8400,0.529381
 94.5000, 71.0000, 30.3400, 35.6700, 14.5000, 19.4000, 34.5400, 22.6281, 0.877925,122.2200, 66.0100,0.523254
103.4000, 63.0000, 27.3500, 40.1600, 14.5000, 20.8800, 38.4800, 26.0999, 0.907513,118.7200, 67.5100,0.569990
103.2000, 61.0000, 23.7200, 28.8600, 17.6000, 25.7600, 25.9100, 24.3270, 0.915410,108.7600, 52.5800,0.492773
102.0000, 65.0000, 23.4700, 32.2500, 12.1000, 20.8500, 30.9800, 24.5041, 0.876129,117.3800, 55.7200,0.555994
 98.6000, 65.0000, 19.0700, 27.8700, 11.3000, 20.4000, 25.7100, 28.0681, 0.915368, 92.4000, 46.9400,0.547720
104.6000, 64.0000, 19.9700, 27.1700, 11.8000, 20.9000, 25.6800, 25.4493, 0.875146,103.0000, 47.1400,0.544760
105.3000, 67.0000, 20.0200, 29.0600, 13.9000, 19.7000, 27.0200, 26.2535, 0.890267, 96.7800, 49.0800,0.550530
105.7000, 64.0000, 21.5800, 27.8000, 12.2000, 22.7000, 25.7800, 24.9270, 0.873151,117.6200, 49.3800,0.522074
107.1000, 69.0000, 22.1400, 26.5400, 10.9000, 21.8000, 25.2500, 25.9877, 0.852545,106.8800, 48.6800,0.518694
 96.5000, 66.0000, 19.2000, 26.6700, 13.0000, 20.1000, 25.1900, 26.1077, 0.889091, 99.0000, 45.8700,0.549161
 99.2000, 61.0000, 17.6000, 26.3400, 12.8000, 20.0000, 24.8400, 24.3119, 0.933437,102.7600, 43.9400,0.565316
 83.1000, 64.0000, 22.9000, 23.0900, 21.8000, 18.2000, 22.0500, 24.2207, 0.942063, 50.4000, 45.9900,0.479452
 83.1000, 62.0000, 20.0500, 23.9000, 19.3000, 17.3000, 22.6700, 16.9218, 0.926054, 52.2000, 43.9500,0.515813
 91.4000, 69.0000, 30.6200, 38.2000, 21.3000, 22.7000, 33.4500, 25.1992, 0.810256,105.3000, 68.8200,0.486051
 79.5000, 72.0000, 33.3200, 50.9900, 20.5000, 23.3000, 42.7100, 25.9436, 0.767055,120.2000, 84.3100,0.506583
 77.8000, 69.0000, 33.0100, 38.8800, 19.5000, 22.2300, 34.6400, 22.7545, 0.762156,113.9400, 71.8900,0.481847
 95.2000, 67.0000, 22.6000, 35.0100, 13.5000, 23.7000, 33.4600, 23.8206, 0.866265,109.6200, 57.6100,0.580802
 94.8000, 70.0000, 30.0200, 37.7100, 15.4000, 23.9000, 33.8000, 24.3126, 0.869377,106.2600, 67.7300,0.499040
 95.5000, 65.0000, 17.4300, 30.2000, 14.8000, 23.9000, 32.1200, 25.6954, 0.864127, 98.1800, 47.6300,0.674365
 89.1000, 71.0000, 34.7600, 35.8900, 15.3000, 20.7000, 33.2200, 26.6807, 0.879518,107.9000, 70.6500,0.470205
 84.9000, 75.0000, 42.7700, 36.8500, 18.1000, 20.4000, 34.2600, 26.2612, 0.906798, 93.5600, 79.6200,0.430294
 90.4000, 72.0000, 28.7600, 31.5000, 16.4000, 20.0500, 27.5000, 26.2875, 0.834930, 98.1400, 60.2600,0.456356
 84.0000, 61.0000, 30.2300, 35.5500, 15.9000, 21.3000, 32.9000, 25.3825, 0.936776,101.8600, 65.7800,0.500152
 84.8000, 62.0000, 27.3000, 32.9800, 16.6000, 20.9000, 31.6900, 26.6005, 0.916117, 87.9800, 60.2800,0.525713
 90.6000, 74.0000, 28.7650, 30.1300, 20.2000, 22.1500, 34.5900, 24.7033, 0.814945, 91.0000, 58.8950,0.587316
 86.2000, 59.0000, 24.4100, 27.4000, 19.6000, 19.6000, 25.6500, 20.3736, 0.747545, 91.6600, 51.8100,0.495078
 84.0000, 61.0000, 21.3100, 28.5800, 19.6000, 18.8000, 26.3400, 19.3969, 0.801352, 97.6600, 49.8900,0.527962
 83.6000, 61.0000, 19.5500, 25.9900, 19.7000, 19.4000, 21.5600, 18.9638, 0.805013, 97.3400, 45.5400,0.473430
 92.7000, 70.0000, 38.6700, 48.2800, 15.4000, 24.2000, 44.5300, 25.3792, 0.921111,117.3800, 86.9500,0.512133
 92.6000, 70.0000, 38.6700, 45.3100, 14.4000, 24.1000, 41.7100, 25.8006, 0.895951,110.1400, 83.9800,0.496666
 91.3000, 70.0000, 38.6700, 48.8800, 16.2000, 24.0000, 45.3900, 25.3344, 0.904271,133.9200, 87.5500,0.518447
 88.9000, 54.0000, 20.4000, 28.8700, 14.6000, 23.0000, 23.7100, 23.2596, 0.791957,123.3400, 49.2700,0.481226
 85.5000, 58.0000, 19.7700, 23.3500, 14.5000, 20.9000, 21.8700, 20.8160, 0.743431,103.5200, 43.1200,0.507189
 89.5000, 55.0000, 24.4900, 31.6700, 20.6000, 21.0000, 29.9700, 22.0411, 0.720157, 91.9800, 56.1600,0.533654
 87.0000, 60.0000, 23.2000, 34.8400, 11.5000, 24.9000, 31.6300, 24.7661, 0.908798,136.4000, 58.0400,0.544969
 89.1000, 56.0000, 18.1200, 23.4500, 15.7000, 22.6000, 19.1900, 25.5325, 0.714676,102.4800, 41.5700,0.461631
 79.5000, 58.0000, 19.1500, 24.6300, 14.1000, 20.9000, 23.4900, 22.0819, 0.805020, 96.4200, 43.7800,0.536546
